Vardas Pavarde UzduociuBalai EgzaminoBalas
Vardas0001 Pavarde0001 6.09308 9.36644 6.48605 2.1225 9.51133 5.85017
Vardas0002 Pavarde0002 7.16344 5.41415 2.97799 9.99784 3.13958 0.222884
Vardas0003 Pavarde0003 2.9812 6.68067 6.18996 3.43526 6.38983 5.21903
Vardas0004 Pavarde0004 5.21206 3.76977 6.90247 1.50212 8.12449 1.85662
Vardas0005 Pavarde0005 2.475 4.94678 5.70199 7.31666 9.40167 2.10152
Vardas0006 Pavarde0006 3.76529 1.18668 5.64265 2.17921 7.1384 4.41431
Vardas0007 Pavarde0007 4.81862 7.01226 1.90855 3.30997 7.02677 1.27983
Vardas0008 Pavarde0008 2.97099 8.53789 4.78031 0.997493 9.98035 0.670976
Vardas0009 Pavarde0009 1.37874 1.72565 8.46276 6.0198 5.04603 0.620868
Vardas0010 Pavarde0010 1.12733 2.68429 3.3497 2.48553 6.71834 9.88894
Vardas0011 Pavarde0011 5.2829 4.33044 9.08127 8.61872 9.62954 0.855414
Vardas0012 Pavarde0012 3.86048 3.07018 5.29051 7.39955 7.2905 5.30973
Vardas0013 Pavarde0013 2.62498 0.204898 6.73425 5.58835 4.69205 2.14835
Vardas0014 Pavarde0014 0.406965 9.96121 9.79469 8.82513 4.49262 5.15322
Vardas0015 Pavarde0015 2.4663 4.95629 5.14778 8.79487 1.15124 7.02212
Vardas0016 Pavarde0016 3.32649 6.15462 4.55453 9.46872 9.07264 7.7378
Vardas0017 Pavarde0017 8.46654 9.85259 2.39945 4.1539 9.33099 1.84603
Vardas0018 Pavarde0018 4.71269 7.85245 7.80437 2.68093 8.88759 4.75806
Vardas0019 Pavarde0019 8.73883 2.88823 6.48375 8.37758 7.28565 1.95492
Vardas0020 Pavarde0020 1.76376 1.45731 6.66057 4.7992 0.583546 6.67856
Vardas0021 Pavarde0021 9.18566 7.47277 7.95068 0.366686 3.62778 1.91254
Vardas0022 Pavarde0022 7.1711 7.88038 7.91015 5.75826 9.07925 7.70565
Vardas0023 Pavarde0023 5.56696 8.13008 2.21948 0.157595 2.86344 7.78512
Vardas0024 Pavarde0024 0.312928 0.415252 2.8174 2.90488 4.55757 5.16248
Vardas0025 Pavarde0025 8.15866 6.97801 0.822906 9.17823 2.80794 1.58749
Vardas0026 Pavarde0026 0.0257874 8.00698 0.664013 6.21192 8.10834 7.74572
Vardas0027 Pavarde0027 9.79424 1.24164 7.29067 7.23524 5.99226 1.64784
Vardas0028 Pavarde0028 0.580885 5.80246 6.5625 6.05132 2.94452 2.16788
Vardas0029 Pavarde0029 2.81793 8.00831 1.25645 6.63194 3.81977 0.315157
Vardas0030 Pavarde0030 4.16656 5.97919 5.62914 7.90953 2.1658 3.56693
Vardas0031 Pavarde0031 9.15905 7.32984 9.72318 9.88958 7.25386 8.27092
Vardas0032 Pavarde0032 8.12093 5.95666 5.3243 7.61165 9.624 3.02969
Vardas0033 Pavarde0033 1.47132 2.12607 5.07878 4.87397 7.03457 5.62921
Vardas0034 Pavarde0034 1.72121 5.76268 2.98651 8.55788 6.071 6.71721
Vardas0035 Pavarde0035 2.21458 1.59359 0.878336 0.688948 0.888807 0.459801
Vardas0036 Pavarde0036 0.0121981 4.74027 2.93514 2.73446 8.38027 1.67545
Vardas0037 Pavarde0037 0.386873 3.98124 7.15286 2.3221 3.90659 8.31479
Vardas0038 Pavarde0038 0.559911 1.92681 7.92791 8.70251 8.70106 4.69608
Vardas0039 Pavarde0039 6.88373 9.9811 9.68089 7.82535 2.40464 7.03043
Vardas0040 Pavarde0040 5.07303 2.79754 4.81923 8.8128 3.10342 5.08744
Vardas0041 Pavarde0041 9.35868 5.85979 7.08671 5.98593 5.1139 5.43838
Vardas0042 Pavarde0042 3.00587 2.99285 9.06732 0.986755 5.69463 5.00388
Vardas0043 Pavarde0043 2.9402 8.91448 4.78514 2.04868 6.69074 2.07537
Vardas0044 Pavarde0044 9.82281 5.46092 8.87011 8.25257 1.25209 2.73358
Vardas0045 Pavarde0045 7.11529 6.29154 9.36233 2.19123 8.44489 0.5598
Vardas0046 Pavarde0046 9.47163 3.32074 6.64774 4.53934 8.77846 2.05959
Vardas0047 Pavarde0047 3.91221 4.73192 7.10529 5.48346 0.0710347 9.58902
Vardas0048 Pavarde0048 9.51852 4.65504 9.99257 3.67687 9.19561 0.163628
Vardas0049 Pavarde0049 8.75167 4.29552 5.13197 6.27161 1.67667 2.80038
Vardas0050 Pavarde0050 7.52219 9.18409 0.685699 8.2485 1.16778 1.11515
Vardas0051 Pavarde0051 6.637 7.26161 1.87653 1.18483 8.24414 2.09784
Vardas0052 Pavarde0052 4.13236 0.671213 6.06774 8.15905 5.21968 2.1038
Vardas0053 Pavarde0053 3.34871 8.63766 9.58407 4.69153 2.56968 0.465486
Vardas0054 Pavarde0054 8.99389 9.10267 3.08082 8.35779 2.31252 6.17755
Vardas0055 Pavarde0055 0.789673 3.61251 0.446436 7.07559 8.43652 7.53379
Vardas0056 Pavarde0056 9.81414 0.868823 5.20531 6.7707 6.62933 1.1678
Vardas0057 Pavarde0057 4.68715 8.52371 8.26318 5.78681 3.10755 0.724466
Vardas0058 Pavarde0058 1.36971 5.95721 9.00947 4.63734 0.346866 7.13021
Vardas0059 Pavarde0059 7.46383 2.27831 5.02653 9.76969 6.83943 1.12073
Vardas0060 Pavarde0060 7.77617 3.59454 4.55598 6.34002 3.46092 3.92216
Vardas0061 Pavarde0061 5.9381 3.66913 9.58604 3.37975 1.23157 4.15111
Vardas0062 Pavarde0062 6.1187 0.162392 4.20387 4.88636 7.9635 5.08252
Vardas0063 Pavarde0063 2.78359 6.56415 7.81135 8.37872 1.32464 8.60772
Vardas0064 Pavarde0064 7.70009 1.54506 7.28599 5.49323 2.73782 9.4196
Vardas0065 Pavarde0065 4.13926 1.21329 4.11531 5.19093 0.30478 1.39846
Vardas0066 Pavarde0066 5.11731 2.9609 1.58974 4.39801 9.62473 9.07852
Vardas0067 Pavarde0067 6.86524 5.79763 8.99583 0.183254 8.7842 5.71692
Vardas0068 Pavarde0068 2.39705 4.67299 8.7341 6.91228 8.52415 4.90288
Vardas0069 Pavarde0069 5.56917 0.879155 4.06115 8.87111 3.15385 2.91758
Vardas0070 Pavarde0070 9.12334 7.48087 1.10514 2.80259 7.10702 7.10932
Vardas0071 Pavarde0071 8.61096 7.53524 2.52756 4.55735 2.0605 6.16878
Vardas0072 Pavarde0072 6.89473 7.38373 2.71262 1.53855 5.02212 1.54974
Vardas0073 Pavarde0073 2.2211 2.81819 9.66621 3.06632 6.39516 6.93533
Vardas0074 Pavarde0074 6.57295 8.23169 0.679735 0.472169 0.915166 1.46911
Vardas0075 Pavarde0075 4.55424 8.70695 8.78625 2.06683 7.02847 0.257594
Vardas0076 Pavarde0076 1.1939 5.71621 3.03803 2.23484 7.37579 3.30426
Vardas0077 Pavarde0077 1.40972 3.44101 4.63953 9.53338 2.48937 6.43516
Vardas0078 Pavarde0078 1.25144 8.85507 9.40488 8.69622 7.36623 4.05305
Vardas0079 Pavarde0079 2.37108 3.77695 7.06371 4.73137 2.05192 2.31356
Vardas0080 Pavarde0080 7.97067 9.73712 1.9416 5.31073 4.77454 1.2271
Vardas0081 Pavarde0081 4.58178 3.22919 5.45702 2.53902 6.48377 4.77173
Vardas0082 Pavarde0082 2.41332 4.36148 7.44936 6.29915 7.93008 3.02673
Vardas0083 Pavarde0083 0.544392 5.14317 0.293793 3.85754 0.403257 2.10313
Vardas0084 Pavarde0084 2.71791 4.28063 0.669021 0.283732 1.70692 7.55742
Vardas0085 Pavarde0085 1.79765 1.48738 7.04124 4.84506 3.84412 9.37207
Vardas0086 Pavarde0086 3.27277 0.711811 7.52967 6.44838 0.122624 5.63944
Vardas0087 Pavarde0087 4.03455 4.1993 2.15612 2.07148 4.27802 4.14094
Vardas0088 Pavarde0088 0.889729 7.83086 4.07893 5.91759 2.99484 3.21763
Vardas0089 Pavarde0089 0.203137 6.62627 7.27744 6.94857 9.4054 4.45537
Vardas0090 Pavarde0090 3.98816 4.02259 7.43839 3.35527 7.178 2.78227
Vardas0091 Pavarde0091 8.42269 9.29131 1.54938 5.7704 0.76961 7.96196
Vardas0092 Pavarde0092 0.682576 2.65443 8.60328 2.29409 5.1901 3.29465
Vardas0093 Pavarde0093 1.62817 2.3624 6.03984 8.87737 2.81824 0.0387927
Vardas0094 Pavarde0094 3.02396 5.28742 0.706514 6.30897 2.64395 8.71132
Vardas0095 Pavarde0095 9.82107 9.61207 2.45006 6.38039 0.0918435 8.9516
Vardas0096 Pavarde0096 1.67503 4.18763 9.5307 9.80647 1.59633 9.19276
Vardas0097 Pavarde0097 6.96991 5.46925 6.02421 0.0347798 1.34954 3.81198
Vardas0098 Pavarde0098 0.0772131 2.1428 0.0904607 3.60263 3.74914 2.82947
Vardas0099 Pavarde0099 1.40086 4.51396 9.84884 4.92447 7.77769 7.86016
Vardas0100 Pavarde0100 4.26877 2.33533 6.15257 3.99108 5.67218 5.42936
Vardas0101 Pavarde0101 3.78724 3.79739 3.37872 8.71482 2.68034 3.4694
Vardas0102 Pavarde0102 9.21878 1.9102 4.93726 6.44929 3.06455 8.29581
Vardas0103 Pavarde0103 7.76719 6.43819 0.63319 5.61655 7.16622 3.38018
Vardas0104 Pavarde0104 3.79727 3.45021 9.41202 1.65686 2.00323 7.67139
Vardas0105 Pavarde0105 3.32762 6.2177 5.36639 3.66311 5.07004 5.05514
Vardas0106 Pavarde0106 6.18113 6.7551 1.21159 0.351808 3.68787 0.223254
Vardas0107 Pavarde0107 5.17468 5.5216 4.60208 1.04986 3.7088 0.849313
Vardas0108 Pavarde0108 0.637744 1.38827 8.68952 4.0632 9.66419 8.61474
Vardas0109 Pavarde0109 2.64442 5.36012 0.729646 5.14501 1.65098 9.08268
Vardas0110 Pavarde0110 8.58791 8.89159 2.31488 4.52414 2.61674 6.19812
Vardas0111 Pavarde0111 1.11699 5.36598 8.33569 3.60604 9.02254 3.14743
Vardas0112 Pavarde0112 8.75037 6.78736 3.20765 3.75244 9.12017 3.31144
Vardas0113 Pavarde0113 4.77574 6.14013 1.85191 3.39648 8.64397 7.68729
Vardas0114 Pavarde0114 4.28999 9.63562 7.61159 8.52395 2.65369 3.87803
Vardas0115 Pavarde0115 7.54046 0.198373 2.88023 1.85779 6.33275 3.53064
Vardas0116 Pavarde0116 2.22494 2.3666 1.04412 1.44753 6.90567 7.28734
Vardas0117 Pavarde0117 1.25423 9.75383 0.41223 4.80885 6.46503 1.1975
Vardas0118 Pavarde0118 8.38173 2.22057 5.84299 6.49552 9.45393 5.30589
Vardas0119 Pavarde0119 3.89303 6.96565 9.74183 2.68537 9.40625 9.60109
Vardas0120 Pavarde0120 1.78238 6.82463 4.38587 6.98083 7.46294 2.78202
Vardas0121 Pavarde0121 7.95449 0.252203 4.40807 2.22221 3.75293 0.0924188
Vardas0122 Pavarde0122 7.38998 8.55972 7.31068 3.61419 2.79995 8.67987
Vardas0123 Pavarde0123 9.39927 3.8853 2.57593 9.90327 0.60917 6.38926
Vardas0124 Pavarde0124 0.270843 6.24201 7.58354 0.511542 4.05772 3.614
Vardas0125 Pavarde0125 3.53336 7.90049 0.228265 6.23677 2.05664 8.75373
Vardas0126 Pavarde0126 3.06512 6.41533 0.376043 0.907859 7.53127 6.61163
Vardas0127 Pavarde0127 2.76302 9.79982 2.24994 6.88585 7.5336 3.32709
Vardas0128 Pavarde0128 2.2432 6.90103 5.37447 3.72167 8.14636 3.52568
Vardas0129 Pavarde0129 5.38333 5.43727 7.20541 3.19963 6.21094 8.57025
Vardas0130 Pavarde0130 6.99639 1.17784 9.68208 5.35469 1.28567 6.78893
Vardas0131 Pavarde0131 2.77452 1.67562 9.77818 3.00306 6.88662 1.42725
Vardas0132 Pavarde0132 8.31614 4.37882 9.24696 1.17498 5.46036 7.49451
Vardas0133 Pavarde0133 2.04326 3.99986 8.82724 1.3208 4.33835 7.30367
Vardas0134 Pavarde0134 6.47069 5.65906 3.65102 7.08003 5.84284 7.86525
Vardas0135 Pavarde0135 9.1995 5.14101 2.52284 1.61703 3.24083 0.145183
Vardas0136 Pavarde0136 4.85148 9.75281 8.0203 2.48617 7.96183 6.75028
Vardas0137 Pavarde0137 9.11156 7.20205 8.37843 4.92222 1.99146 6.26294
Vardas0138 Pavarde0138 1.64163 0.990473 1.6879 1.82745 9.48728 3.40741
Vardas0139 Pavarde0139 7.16687 6.83673 5.33134 5.5733 3.86682 8.72311
Vardas0140 Pavarde0140 1.53695 9.37424 5.33843 5.86554 8.76906 7.26795
Vardas0141 Pavarde0141 1.71672 3.33633 7.19245 3.48129 2.20811 5.63138
Vardas0142 Pavarde0142 7.02932 5.16995 3.2747 6.83619 2.76615 0.277969
Vardas0143 Pavarde0143 1.28457 4.1516 1.43721 2.05373 2.19056 7.19437
Vardas0144 Pavarde0144 1.43232 0.342484 5.35905 8.59818 6.66744 6.16981
Vardas0145 Pavarde0145 8.12687 2.58582 3.87194 2.81888 5.34191 4.32552
Vardas0146 Pavarde0146 1.89313 0.361909 1.33846 5.787 5.32588 4.65426
Vardas0147 Pavarde0147 7.78901 5.02953 4.18031 2.18296 0.305784 7.38857
Vardas0148 Pavarde0148 3.84259 9.3439 8.5964 5.82757 7.55903 4.40704
Vardas0149 Pavarde0149 2.30351 7.75028 5.41025 0.0826521 6.84469 0.612047
Vardas0150 Pavarde0150 5.64721 7.86379 5.23895 4.36308 4.49156 5.02796
Vardas0151 Pavarde0151 4.37881 0.317957 7.87185 0.97298 5.53294 7.32917
Vardas0152 Pavarde0152 0.14282 7.13679 7.42598 4.73315 2.244 5.20727
Vardas0153 Pavarde0153 6.26932 4.26647 3.11319 3.80755 1.56164 2.07655
Vardas0154 Pavarde0154 0.151146 4.15008 0.296297 2.32035 2.12019 8.21439
Vardas0155 Pavarde0155 2.58464 5.39971 3.19846 0.706358 2.91896 2.38602
Vardas0156 Pavarde0156 4.35828 7.9191 8.61021 2.63899 7.44524 5.10032
Vardas0157 Pavarde0157 8.56972 7.34946 3.4211 8.45804 6.47483 0.543184
Vardas0158 Pavarde0158 5.70757 9.76388 7.19179 0.492301 9.61465 8.26055
Vardas0159 Pavarde0159 6.98879 8.4105 8.22672 5.44442 9.74697 5.99503
Vardas0160 Pavarde0160 3.99128 7.28559 5.19203 4.76083 7.26683 5.90203
Vardas0161 Pavarde0161 4.4641 0.589786 0.844877 4.16516 5.08743 0.861157
Vardas0162 Pavarde0162 0.930888 3.64055 7.4789 5.47692 9.19472 9.50862
Vardas0163 Pavarde0163 6.75389 9.3736 7.61639 3.38567 8.02764 1.4872
Vardas0164 Pavarde0164 8.25669 9.59521 5.25963 0.423197 4.57447 7.9908
Vardas0165 Pavarde0165 1.75139 0.268693 0.884075 9.57139 8.47428 7.42959
Vardas0166 Pavarde0166 7.79833 4.69568 6.56888 0.642164 8.39926 8.44291
Vardas0167 Pavarde0167 1.43814 2.77106 2.99991 9.95826 0.889076 8.12662
Vardas0168 Pavarde0168 8.57721 1.77436 8.36285 7.70893 1.73785 9.69407
Vardas0169 Pavarde0169 5.86291 8.79948 2.3664 7.58854 0.372871 6.11083
Vardas0170 Pavarde0170 7.0733 1.42261 3.25704 5.04537 1.70002 2.33376
Vardas0171 Pavarde0171 8.97113 6.9877 4.93701 1.10115 7.59444 9.79557
Vardas0172 Pavarde0172 0.414978 8.41665 1.84831 0.140365 9.54161 9.94807
Vardas0173 Pavarde0173 5.83037 0.899617 4.06556 8.10159 4.346 0.530512
Vardas0174 Pavarde0174 3.77832 8.65619 8.36578 6.3412 1.93928 8.76666
Vardas0175 Pavarde0175 9.9388 1.10214 0.175713 9.12283 2.83591 0.556197
Vardas0176 Pavarde0176 7.78885 9.01373 2.05519 0.899532 9.42545 7.70397
Vardas0177 Pavarde0177 7.9911 8.57402 7.32461 5.12279 8.70799 8.3403
Vardas0178 Pavarde0178 9.5872 9.52822 1.7871 9.04235 2.60206 5.03311
Vardas0179 Pavarde0179 0.17114 1.12988 5.95952 2.33128 5.38824 4.75116
Vardas0180 Pavarde0180 4.84982 7.7401 9.45434 4.22322 1.26093 5.94812
Vardas0181 Pavarde0181 1.41267 3.88482 4.04494 8.5964 4.64387 8.1192
Vardas0182 Pavarde0182 1.11 5.77012 2.05204 8.02039 9.21521 5.90186
Vardas0183 Pavarde0183 7.71266 2.14955 3.98364 8.85649 5.58628 7.10263
Vardas0184 Pavarde0184 2.93825 1.30087 3.82095 4.25066 6.64518 3.84678
Vardas0185 Pavarde0185 4.6191 6.70277 9.27112 7.75427 4.94659 3.57561
Vardas0186 Pavarde0186 3.19528 6.46944 2.27513 4.61243 9.99036 2.61816
Vardas0187 Pavarde0187 0.247684 3.14882 1.83852 5.05907 5.55361 3.8455
Vardas0188 Pavarde0188 9.94572 4.47173 1.25116 5.19333 0.920936 8.5111
Vardas0189 Pavarde0189 5.56944 2.8093 5.20576 3.48086 7.82007 9.59093
Vardas0190 Pavarde0190 4.56876 5.82308 6.01402 0.487005 1.51786 8.08181
Vardas0191 Pavarde0191 4.61651 5.39261 2.34223 0.630096 5.57334 7.62456
Vardas0192 Pavarde0192 6.17464 8.39583 2.17261 1.78562 8.08663 8.77376
Vardas0193 Pavarde0193 7.48869 7.65428 8.99457 4.87295 9.76114 1.8035
Vardas0194 Pavarde0194 9.448 8.8053 6.3311 2.25981 5.28804 9.72721
Vardas0195 Pavarde0195 0.616047 3.646 1.29182 5.01417 2.82759 9.69639
Vardas0196 Pavarde0196 9.88406 0.984776 4.79087 5.57883 6.649 0.99259
Vardas0197 Pavarde0197 3.74789 1.58348 2.05427 7.55792 7.79243 6.38514
Vardas0198 Pavarde0198 3.07134 6.40632 1.28648 7.02763 3.63878 0.30661
Vardas0199 Pavarde0199 1.83032 9.84861 6.2792 6.80012 0.183075 5.50379
Vardas0200 Pavarde0200 2.18113 5.83735 9.38934 5.96028 8.08987 1.81861
Vardas0201 Pavarde0201 3.59375 3.79856 8.00361 7.8692 4.30691 7.25948
Vardas0202 Pavarde0202 4.80586 8.71819 3.27997 9.87278 8.98806 9.59451
Vardas0203 Pavarde0203 2.94559 5.51183 2.12273 1.40044 6.2523 8.34
Vardas0204 Pavarde0204 8.21683 0.820562 5.41396 2.01612 9.05233 3.75415
Vardas0205 Pavarde0205 8.67373 8.267 7.71855 6.78672 9.7282 6.20908
Vardas0206 Pavarde0206 9.88323 6.29154 4.63146 7.76157 8.11509 8.9365
Vardas0207 Pavarde0207 9.75777 1.42215 1.55225 9.40355 4.14778 6.83881
Vardas0208 Pavarde0208 2.09926 3.25342 2.36524 3.61668 1.48828 3.39442
Vardas0209 Pavarde0209 1.06551 8.00585 1.68966 1.24735 8.20379 1.92181
Vardas0210 Pavarde0210 9.73824 5.94403 9.09302 8.26876 8.86076 4.10236
Vardas0211 Pavarde0211 2.43013 4.03234 0.64233 6.64703 9.50117 5.88199
Vardas0212 Pavarde0212 1.80554 4.33295 2.34302 5.20035 2.44128 0.513544
Vardas0213 Pavarde0213 8.54889 2.08224 8.06661 4.17699 2.33966 7.80449
Vardas0214 Pavarde0214 5.63441 0.347404 3.87751 3.09784 2.5837 2.12684
Vardas0215 Pavarde0215 0.776018 1.33624 8.53883 5.13513 0.382722 1.69633
Vardas0216 Pavarde0216 3.23423 3.02948 3.21494 8.78349 4.25975 1.79745
Vardas0217 Pavarde0217 6.81731 9.18201 4.35214 7.76178 3.98499 1.54917
Vardas0218 Pavarde0218 2.43024 6.3804 9.119 5.73764 5.42321 9.79265
Vardas0219 Pavarde0219 5.52125 8.88252 4.90672 5.91676 2.94381 6.78681
Vardas0220 Pavarde0220 5.98718 8.5977 9.62112 6.98013 5.32589 7.03745
Vardas0221 Pavarde0221 5.05832 2.70177 7.52713 8.10271 1.57485 1.4428
Vardas0222 Pavarde0222 4.19773 6.41967 2.69738 4.22989 7.52694 9.25121
Vardas0223 Pavarde0223 2.085 4.52116 9.16637 3.05624 1.30968 3.7393
Vardas0224 Pavarde0224 0.423055 0.445577 4.94681 6.20365 7.70476 2.19585
Vardas0225 Pavarde0225 8.25392 2.15413 3.75668 6.56614 2.07153 7.06697
Vardas0226 Pavarde0226 7.95659 2.62757 7.80337 0.188265 0.326261 8.43717
Vardas0227 Pavarde0227 0.192145 3.76384 0.0809844 5.95367 4.13107 6.3685
Vardas0228 Pavarde0228 5.00081 6.46856 6.07854 5.62666 8.71544 2.2173
Vardas0229 Pavarde0229 8.37288 3.69443 2.33136 5.39005 0.981092 6.07349
Vardas0230 Pavarde0230 7.38982 3.74036 4.28729 4.7429 7.00865 1.70866
Vardas0231 Pavarde0231 2.53025 0.36233 1.86376 7.54075 2.71972 9.06783
Vardas0232 Pavarde0232 1.23962 9.42235 1.87254 9.82976 2.17683 4.44186
Vardas0233 Pavarde0233 2.39303 4.28028 0.203888 6.44286 3.99294 5.42478
Vardas0234 Pavarde0234 9.0842 9.47656 5.34388 9.25782 3.2223 6.50233
Vardas0235 Pavarde0235 0.0942976 5.48218 5.63687 9.40941 4.73333 2.73857
Vardas0236 Pavarde0236 4.60516 2.2114 9.76343 2.57035 5.22082 8.85457
Vardas0237 Pavarde0237 5.77494 4.6583 9.34505 0.621343 1.00471 2.80781
Vardas0238 Pavarde0238 1.29197 7.63109 4.6672 2.31546 8.12259 8.18876
Vardas0239 Pavarde0239 6.95592 7.42133 0.129295 9.81528 1.46063 2.41546
Vardas0240 Pavarde0240 7.35319 1.50059 1.52188 6.17069 3.33076 4.55181
Vardas0241 Pavarde0241 6.39064 4.47794 0.190404 3.13743 0.136131 3.38597
Vardas0242 Pavarde0242 1.22926 7.95014 8.32762 0.699462 0.413037 0.448513
Vardas0243 Pavarde0243 8.50605 4.58856 4.034 9.69624 5.2553 4.7543
Vardas0244 Pavarde0244 9.0299 0.767285 5.08497 9.14354 6.6818 0.81553
Vardas0245 Pavarde0245 2.00957 9.54251 3.80621 0.739981 1.58175 0.774978
Vardas0246 Pavarde0246 8.40412 9.95014 0.217395 2.73156 4.06847 8.37591
Vardas0247 Pavarde0247 9.4584 7.10557 7.21893 1.57969 6.48384 8.49679
Vardas0248 Pavarde0248 6.40766 3.59335 6.23727 2.02239 2.58484 0.246254
Vardas0249 Pavarde0249 4.12485 9.74122 3.75193 8.20687 6.07761 9.89986
Vardas0250 Pavarde0250 2.24866 1.1826 1.0504 6.78767 3.00308 9.02957
Vardas0251 Pavarde0251 7.56739 2.02026 4.71762 4.0488 5.24198 4.31047
Vardas0252 Pavarde0252 7.98482 7.94849 8.81619 9.04417 9.19063 7.78022
Vardas0253 Pavarde0253 4.83644 7.15841 7.17 8.55466 4.03934 6.19668
Vardas0254 Pavarde0254 6.78132 0.177143 5.7417 2.18056 3.54178 9.6957
Vardas0255 Pavarde0255 3.07789 8.28774 9.50539 2.19981 7.38842 2.28498
Vardas0256 Pavarde0256 8.83672 8.23003 7.69451 5.0025 3.35091 8.40889
Vardas0257 Pavarde0257 0.296887 4.53658 6.90134 8.2184 9.17487 6.69506
Vardas0258 Pavarde0258 7.12768 4.01563 0.273666 9.9101 3.64906 7.12128
Vardas0259 Pavarde0259 3.46164 4.97517 3.94198 1.69557 1.32915 0.633946
Vardas0260 Pavarde0260 2.01388 4.20353 2.93729 1.65198 4.01521 1.52644
Vardas0261 Pavarde0261 7.08042 3.65368 8.41699 1.86928 5.05654 3.92986
Vardas0262 Pavarde0262 8.98763 8.48833 9.78449 6.13637 4.70304 5.34056
Vardas0263 Pavarde0263 3.50269 6.87511 9.57682 9.5102 3.3515 4.49834
Vardas0264 Pavarde0264 1.44923 9.73244 4.41199 2.85041 1.11391 7.89529
Vardas0265 Pavarde0265 4.99158 6.85022 1.10566 8.63832 9.65627 9.87491
Vardas0266 Pavarde0266 0.89241 8.14983 9.25229 4.07344 4.91258 2.72998
Vardas0267 Pavarde0267 3.68589 3.38531 0.0700576 6.24327 6.27528 3.04925
Vardas0268 Pavarde0268 4.41685 0.236677 9.60014 4.86945 7.27597 3.61493
Vardas0269 Pavarde0269 9.08134 7.20803 9.65285 9.51272 5.81912 7.98383
Vardas0270 Pavarde0270 5.46227 8.82743 8.94831 5.25186 8.93474 6.59258
Vardas0271 Pavarde0271 2.89596 3.35554 4.26634 6.9879 1.60194 2.19172
Vardas0272 Pavarde0272 9.82358 5.57722 7.63887 5.61873 4.86358 4.57687
Vardas0273 Pavarde0273 9.26848 4.13478 6.93312 7.8009 1.53742 3.87121
Vardas0274 Pavarde0274 6.78312 2.3442 0.768353 9.77802 2.51082 6.22
Vardas0275 Pavarde0275 2.52651 5.27042 5.51038 4.57413 0.684433 7.52846
Vardas0276 Pavarde0276 8.99709 0.344002 8.55633 8.17903 1.50723 8.54653
Vardas0277 Pavarde0277 4.20282 3.90515 7.7114 2.27565 5.37944 3.4361
Vardas0278 Pavarde0278 3.68017 2.42924 2.06972 0.596313 0.488126 3.50628
Vardas0279 Pavarde0279 0.783382 6.88081 4.95168 1.4331 1.30546 8.17359
Vardas0280 Pavarde0280 5.44777 0.249872 8.49272 6.70181 0.0942947 6.5798
Vardas0281 Pavarde0281 3.40846 4.58785 8.33142 4.44564 5.41171 0.777624
Vardas0282 Pavarde0282 5.78346 9.77745 7.69475 8.81049 3.80965 6.47721
Vardas0283 Pavarde0283 9.94104 3.56851 2.31986 1.48615 2.31263 2.45533
Vardas0284 Pavarde0284 7.4614 8.91143 3.50942 9.79961 1.59129 5.2616
Vardas0285 Pavarde0285 0.394469 4.98642 9.84978 4.83191 2.41562 6.55917
Vardas0286 Pavarde0286 7.35785 2.68504 1.81774 4.83374 8.83917 7.23991
Vardas0287 Pavarde0287 4.8058 9.08234 2.84498 5.66323 9.29896 2.53112
Vardas0288 Pavarde0288 3.94331 8.8957 4.39581 0.761394 9.07781 7.04717
Vardas0289 Pavarde0289 5.1389 3.30191 7.39738 2.25873 7.50254 3.70568
Vardas0290 Pavarde0290 6.75525 6.58389 1.35626 8.93138 7.22317 4.30094
Vardas0291 Pavarde0291 0.255694 7.05201 0.740505 8.54302 4.65507 8.34629
Vardas0292 Pavarde0292 0.770889 3.88179 4.09132 4.28416 7.09705 1.3263
Vardas0293 Pavarde0293 1.25016 1.54597 5.6401 1.24201 4.43384 8.16026
Vardas0294 Pavarde0294 5.45169 8.03424 7.13886 9.09931 3.73037 9.05625
Vardas0295 Pavarde0295 5.1954 2.65316 2.09838 8.49196 5.01102 8.62888
Vardas0296 Pavarde0296 5.03249 4.96992 9.30026 7.52326 2.67382 2.32795
Vardas0297 Pavarde0297 2.26054 3.93184 1.07006 5.38777 6.00909 0.257129
Vardas0298 Pavarde0298 7.99867 6.99669 9.93998 6.76899 2.6738 4.54367
Vardas0299 Pavarde0299 7.58638 8.94335 3.77498 2.45508 3.25736 9.13974
Vardas0300 Pavarde0300 0.743472 8.43597 8.98622 4.40057 1.46847 0.892442
Vardas0301 Pavarde0301 3.04253 3.32982 1.37266 6.47907 2.8407 8.35288
Vardas0302 Pavarde0302 9.85219 4.26625 1.75189 6.06779 6.25733 7.64938
Vardas0303 Pavarde0303 7.07664 7.09292 2.00674 9.30922 5.27033 9.68538
Vardas0304 Pavarde0304 0.381547 5.77107 9.62995 9.69923 6.49341 3.95822
Vardas0305 Pavarde0305 4.0334 7.22119 6.44562 9.96237 3.15155 5.65924
Vardas0306 Pavarde0306 2.51507 8.12467 1.5153 1.79211 9.21602 9.63035
Vardas0307 Pavarde0307 1.84161 3.66842 0.588183 5.61303 1.69905 4.06424
Vardas0308 Pavarde0308 3.06792 1.37632 3.52529 5.8939 0.03688 3.28246
Vardas0309 Pavarde0309 9.84765 9.86588 0.848617 6.24308 6.48605 6.2396
Vardas0310 Pavarde0310 8.56457 4.97667 7.68955 6.14167 0.926136 2.71139
Vardas0311 Pavarde0311 9.95173 5.99438 7.56272 8.55518 4.47693 2.84718
Vardas0312 Pavarde0312 6.7676 7.40695 4.51794 9.55937 8.27869 7.0747
Vardas0313 Pavarde0313 5.94688 6.63816 0.718456 9.08474 5.30754 6.79705
Vardas0314 Pavarde0314 7.25126 1.88719 2.89099 7.68955 9.86818 4.88415
Vardas0315 Pavarde0315 5.57583 5.67775 0.367029 0.375962 4.95968 8.81813
Vardas0316 Pavarde0316 0.703898 8.53813 0.207518 0.389246 6.39672 4.17958
Vardas0317 Pavarde0317 4.04305 1.63542 9.44841 4.69774 7.46459 2.74102
Vardas0318 Pavarde0318 4.17064 4.92786 3.94967 1.04211 5.63202 8.5108
Vardas0319 Pavarde0319 7.06481 1.86352 2.22923 8.46373 2.35566 8.36271
Vardas0320 Pavarde0320 1.00912 2.20007 4.53251 5.09984 2.36927 2.99938
Vardas0321 Pavarde0321 5.08481 8.52695 3.02403 8.85346 1.3956 6.10379
Vardas0322 Pavarde0322 0.815469 5.14346 9.07143 0.847834 6.32509 0.096879
Vardas0323 Pavarde0323 2.2555 2.86005 4.17806 3.92442 6.00047 4.60988
Vardas0324 Pavarde0324 0.999378 5.56542 0.528477 6.24181 9.49936 1.75328
Vardas0325 Pavarde0325 5.88619 1.5528 0.721015 2.31456 6.54479 6.44233
Vardas0326 Pavarde0326 2.95024 5.71212 2.86971 4.14553 0.413159 5.90064
Vardas0327 Pavarde0327 2.25384 8.741 6.64 8.71516 4.75324 2.84715
Vardas0328 Pavarde0328 0.795836 6.56763 8.97066 6.32278 9.65629 2.79604
Vardas0329 Pavarde0329 3.94257 7.19662 4.34355 3.73772 6.85303 2.81795
Vardas0330 Pavarde0330 9.02585 5.74088 5.34278 3.06515 0.968948 2.95838
Vardas0331 Pavarde0331 5.19812 7.60815 5.16369 8.46053 5.43327 7.98166
Vardas0332 Pavarde0332 6.48069 3.978 2.06284 7.21939 0.566514 1.48755
Vardas0333 Pavarde0333 8.71673 0.478941 3.34779 2.23334 2.75373 5.34692
Vardas0334 Pavarde0334 7.84847 3.76362 8.02989 7.37009 8.16547 6.15734
Vardas0335 Pavarde0335 0.31955 3.34235 4.59972 2.31399 1.35876 9.98722
Vardas0336 Pavarde0336 6.37363 8.46707 1.83616 9.1578 4.59529 7.41491
Vardas0337 Pavarde0337 4.33672 0.119823 0.283802 1.26476 1.46304 0.737911
Vardas0338 Pavarde0338 2.46068 0.865365 6.92006 4.02515 7.19181 7.71443
Vardas0339 Pavarde0339 5.98702 4.33081 8.44692 9.6764 1.43976 9.51969
Vardas0340 Pavarde0340 7.85679 2.75718 6.72781 2.00746 8.50547 6.21497
Vardas0341 Pavarde0341 5.15107 8.05514 8.52797 4.44768 0.648463 8.90371
Vardas0342 Pavarde0342 4.96412 3.29158 5.3294 8.40185 0.546146 3.508
Vardas0343 Pavarde0343 9.98491 6.47287 9.68909 0.351639 6.33355 6.51162
Vardas0344 Pavarde0344 8.38159 3.54502 6.65037 5.8893 4.73045 2.22579
Vardas0345 Pavarde0345 3.57932 0.774975 8.65741 5.99788 7.09235 9.97281
Vardas0346 Pavarde0346 7.50559 8.95416 9.03852 2.11911 6.07313 6.1545
Vardas0347 Pavarde0347 6.85185 1.1689 5.53402 3.57059 5.1137 4.84738
Vardas0348 Pavarde0348 4.83891 5.25914 2.40442 8.79352 7.07862 9.10681
Vardas0349 Pavarde0349 7.25184 9.49681 4.40356 5.15231 4.4035 6.94658
Vardas0350 Pavarde0350 0.133855 9.88869 8.29325 1.14707 3.74529 9.01973
Vardas0351 Pavarde0351 3.93758 2.49446 2.49236 6.20758 7.26116 7.03903
Vardas0352 Pavarde0352 4.27358 8.75979 3.07869 2.04704 2.98096 3.02207
Vardas0353 Pavarde0353 5.74254 0.43849 4.24899 9.69219 9.89646 0.0949951
Vardas0354 Pavarde0354 0.841984 6.08907 9.17041 2.14106 4.32554 3.62587
Vardas0355 Pavarde0355 7.60626 1.83858 6.67652 8.48521 1.0997 4.03343
Vardas0356 Pavarde0356 0.538884 9.59282 0.269584 8.58823 4.20472 5.03577
Vardas0357 Pavarde0357 7.33175 2.2705 4.41933 4.99594 4.13974 9.15498
Vardas0358 Pavarde0358 8.09603 2.44763 6.71558 0.769101 9.9577 5.57412
Vardas0359 Pavarde0359 2.73199 4.98965 1.40082 9.22726 4.29941 8.54674
Vardas0360 Pavarde0360 4.81243 0.589052 1.34465 6.19723 1.93951 9.30105
Vardas0361 Pavarde0361 5.37761 4.18467 9.99326 4.77011 0.756975 3.78345
Vardas0362 Pavarde0362 2.44197 4.67769 8.55911 5.66087 2.01275 2.34692
Vardas0363 Pavarde0363 1.10976 6.12457 8.13853 5.64589 3.72845 7.71734
Vardas0364 Pavarde0364 9.87378 8.13809 8.07474 6.35605 0.734207 6.34838
Vardas0365 Pavarde0365 5.92126 3.57048 1.72255 6.75062 1.45534 0.60622
Vardas0366 Pavarde0366 0.649627 4.36922 5.33277 7.32772 9.76596 9.40223
Vardas0367 Pavarde0367 5.82949 5.25836 8.23628 2.36396 8.87723 3.88091
Vardas0368 Pavarde0368 1.57192 1.79556 4.38319 8.24818 6.97155 0.914116
Vardas0369 Pavarde0369 4.21437 5.64499 6.08508 8.42769 2.04721 1.13035
Vardas0370 Pavarde0370 4.33642 1.39323 9.51243 1.52465 2.9509 7.39565
Vardas0371 Pavarde0371 2.7313 0.211791 9.25178 7.54692 8.18368 6.57016
Vardas0372 Pavarde0372 9.35384 8.44226 2.50199 9.00247 8.70637 7.73472
Vardas0373 Pavarde0373 6.30819 5.39881 7.00038 2.46719 6.8718 4.14124
Vardas0374 Pavarde0374 8.3206 9.4974 6.83018 2.43806 9.99196 8.68248
Vardas0375 Pavarde0375 1.9759 5.49807 7.53605 2.03468 2.0374 0.808223
Vardas0376 Pavarde0376 6.48966 0.486047 3.9323 0.858987 6.92064 7.5884
Vardas0377 Pavarde0377 1.25655 0.317711 2.1578 2.71298 7.45792 8.88475
Vardas0378 Pavarde0378 1.74754 7.65274 3.53296 6.49731 8.14311 4.74091
Vardas0379 Pavarde0379 0.0789883 3.88441 4.88301 6.15622 7.56549 0.189301
Vardas0380 Pavarde0380 1.94346 5.70937 6.79344 9.6094 1.26426 7.94508
Vardas0381 Pavarde0381 3.97067 1.78076 4.60093 0.946179 5.91079 1.70762
Vardas0382 Pavarde0382 2.3795 6.85342 6.31446 4.65249 7.76597 9.91599
Vardas0383 Pavarde0383 6.54471 7.02344 2.71926 4.36423 4.85196 3.74824
Vardas0384 Pavarde0384 2.03687 4.11494 7.43261 3.96634 2.93121 3.29288
Vardas0385 Pavarde0385 2.48561 6.16063 8.86886 9.90275 1.54944 4.04928
Vardas0386 Pavarde0386 6.68985 1.71395 4.95059 2.26621 5.2281 1.72985
Vardas0387 Pavarde0387 9.91841 0.339762 3.58557 4.46129 4.28748 6.74499
Vardas0388 Pavarde0388 9.82367 0.0789401 0.0756313 9.84478 1.57295 9.95204
Vardas0389 Pavarde0389 9.66045 3.60383 5.4236 4.74708 2.49244 6.01189
Vardas0390 Pavarde0390 1.51558 7.12568 9.01716 0.557156 7.40887 7.02287
Vardas0391 Pavarde0391 5.11935 2.65621 9.45806 4.25827 1.57377 2.75031
Vardas0392 Pavarde0392 5.54002 2.01554 8.42915 5.89516 5.64083 7.41207
Vardas0393 Pavarde0393 5.05143 6.44855 9.79302 8.93755 8.70857 1.98349
Vardas0394 Pavarde0394 1.58448 7.08014 1.67238 8.31868 8.93019 5.95357
Vardas0395 Pavarde0395 8.41272 9.45717 7.22881 2.4918 8.20026 4.6531
Vardas0396 Pavarde0396 8.2593 3.52202 0.294875 9.2072 2.08107 4.67182
Vardas0397 Pavarde0397 9.78587 8.80294 2.74727 1.77556 3.01107 0.205481
Vardas0398 Pavarde0398 2.54245 3.74671 7.24835 1.43956 6.36264 5.57117
Vardas0399 Pavarde0399 5.11221 5.92851 7.84347 8.71908 5.66712 2.85646
Vardas0400 Pavarde0400 2.19077 6.93462 5.77059 6.73764 7.63579 9.3648
Vardas0401 Pavarde0401 8.91315 6.97897 2.54534 3.7022 2.52751 7.94049
Vardas0402 Pavarde0402 4.5957 5.45125 9.78668 3.33759 5.53101 6.24497
Vardas0403 Pavarde0403 0.980508 2.37744 4.40679 6.99651 8.95312 2.44004
Vardas0404 Pavarde0404 2.58504 6.97638 4.31876 9.63575 7.86526 1.31237
Vardas0405 Pavarde0405 3.32238 0.832275 8.89094 0.815051 0.108737 2.96827
Vardas0406 Pavarde0406 8.59219 5.88238 3.09653 6.11785 7.36197 2.28287
Vardas0407 Pavarde0407 6.16685 6.10392 1.97638 1.0906 8.23059 8.99714
Vardas0408 Pavarde0408 9.37918 6.85038 8.01375 0.106921 5.75878 0.822817
Vardas0409 Pavarde0409 1.69022 4.66397 6.12273 3.1709 1.73527 2.19272
Vardas0410 Pavarde0410 5.45374 6.95138 6.28934 7.98861 7.78067 4.57868
Vardas0411 Pavarde0411 7.27173 9.462 9.11648 6.66951 3.31504 8.36479
Vardas0412 Pavarde0412 2.59596 8.10162 4.48689 3.0452 5.64619 7.04063
Vardas0413 Pavarde0413 9.10685 6.69641 5.56809 9.76298 0.992661 9.79243
Vardas0414 Pavarde0414 6.38056 3.01028 4.60596 2.19255 9.78062 4.61234
Vardas0415 Pavarde0415 5.8216 3.64461 1.85897 9.66921 1.49226 6.01581
Vardas0416 Pavarde0416 1.42631 0.175665 7.05773 2.68713 9.60926 8.98408
Vardas0417 Pavarde0417 1.27894 9.00568 3.8672 4.35291 4.42707 3.70856
Vardas0418 Pavarde0418 3.2887 7.51036 3.33634 7.52056 4.28151 1.51777
Vardas0419 Pavarde0419 7.45213 5.61956 1.52196 7.49988 4.36295 1.38946
Vardas0420 Pavarde0420 2.57718 1.56582 4.64506 5.42029 0.196133 7.82619
Vardas0421 Pavarde0421 7.16256 2.75715 8.66076 7.00643 2.44592 7.14199
Vardas0422 Pavarde0422 5.56339 1.56676 0.0570243 8.40072 5.01747 0.439454
Vardas0423 Pavarde0423 2.12441 9.89697 1.63424 8.96529 0.964475 4.44109
Vardas0424 Pavarde0424 4.97638 6.0595 3.34798 8.71 1.89444 1.94587
Vardas0425 Pavarde0425 6.98038 3.09793 3.25635 3.31949 0.324105 1.00921
Vardas0426 Pavarde0426 7.17567 8.89563 4.42543 3.79253 8.13355 4.35644
Vardas0427 Pavarde0427 4.69841 4.81498 9.40012 7.81688 7.48741 3.89326
Vardas0428 Pavarde0428 7.1618 6.59073 0.291388 3.42783 2.07264 3.24653
Vardas0429 Pavarde0429 1.81162 8.32757 3.77501 7.16471 1.64229 2.07822
Vardas0430 Pavarde0430 2.1785 0.301835 3.06362 1.26261 4.55197 0.760512
Vardas0431 Pavarde0431 7.34732 4.6894 5.33405 8.63403 0.982928 7.44141
Vardas0432 Pavarde0432 7.0635 8.55983 7.56335 8.73119 7.08442 0.00126182
Vardas0433 Pavarde0433 0.441263 5.60852 5.83177 4.42065 4.20213 5.06129
Vardas0434 Pavarde0434 6.88746 5.37523 2.68373 3.79268 5.3643 5.11617
Vardas0435 Pavarde0435 0.765069 3.19949 7.39735 3.00748 8.50261 3.07144
Vardas0436 Pavarde0436 8.97385 2.42379 6.44129 6.6262 2.47786 4.27309
Vardas0437 Pavarde0437 4.48247 1.90233 8.3312 4.8549 8.35579 4.06812
Vardas0438 Pavarde0438 1.03173 4.98119 0.452792 2.52988 3.25714 9.11143
Vardas0439 Pavarde0439 5.50785 5.88338 2.71557 4.23133 9.52105 4.20964
Vardas0440 Pavarde0440 0.705511 4.61748 6.85205 9.51232 4.83264 5.81672
Vardas0441 Pavarde0441 4.08105 5.64017 3.92055 8.98977 0.589242 8.71544
Vardas0442 Pavarde0442 8.11495 6.46861 6.0584 1.8075 5.50244 9.80632
Vardas0443 Pavarde0443 9.99006 9.17916 2.98619 8.79167 3.63797 5.86251
Vardas0444 Pavarde0444 6.84924 6.02114 9.58473 5.46317 9.60273 6.40338
Vardas0445 Pavarde0445 2.85773 8.35003 9.17204 5.50048 2.09642 9.1665
Vardas0446 Pavarde0446 4.42957 3.00585 8.63489 5.52946 0.003487 6.15971
Vardas0447 Pavarde0447 1.09682 3.55243 5.09665 7.7864 3.98951 9.64405
Vardas0448 Pavarde0448 8.8397 6.63268 2.52915 9.29455 3.60437 2.81038
Vardas0449 Pavarde0449 4.95822 0.274715 4.89317 4.31919 2.30772 4.45821
Vardas0450 Pavarde0450 4.7949 4.82531 3.12598 3.1034 5.15179 5.54368
Vardas0451 Pavarde0451 1.66659 3.45466 3.89638 6.31702 2.89037 4.3669
Vardas0452 Pavarde0452 1.86882 1.34758 7.10562 5.34629 1.14881 0.392039
Vardas0453 Pavarde0453 3.06971 8.31745 4.05063 0.798128 5.52807 2.42809
Vardas0454 Pavarde0454 7.97374 3.33454 5.48667 3.57068 9.17419 2.3
Vardas0455 Pavarde0455 0.00720108 9.08463 6.29981 5.20155 7.73589 2.69932
Vardas0456 Pavarde0456 9.82801 9.76441 9.89075 7.25865 3.30909 5.89594
Vardas0457 Pavarde0457 7.39444 8.57295 0.634658 5.8682 6.93815 5.49087
Vardas0458 Pavarde0458 5.82564 0.334316 8.66056 3.33524 7.76913 2.22154
Vardas0459 Pavarde0459 2.72774 2.71419 6.53829 3.84754 8.80757 1.07225
Vardas0460 Pavarde0460 2.61751 3.86248 1.64991 5.77268 3.89107 2.41997
Vardas0461 Pavarde0461 3.98014 3.66363 9.05123 6.64878 8.07082 5.15977
Vardas0462 Pavarde0462 0.102066 7.74605 6.95798 9.05621 0.651157 3.10816
Vardas0463 Pavarde0463 8.03355 2.37691 2.813 1.76359 8.94917 8.36813
Vardas0464 Pavarde0464 4.93938 3.41924 4.38344 9.17189 2.58394 3.47748
Vardas0465 Pavarde0465 2.41176 9.34819 3.1326 0.0324896 9.54537 3.61954
Vardas0466 Pavarde0466 8.55011 4.11893 6.95157 7.65702 3.82469 1.51081
Vardas0467 Pavarde0467 7.76755 9.09944 5.91561 4.46636 4.10303 0.51617
Vardas0468 Pavarde0468 1.01144 6.19077 0.971223 9.10067 0.46278 4.75224
Vardas0469 Pavarde0469 5.05 5.71064 4.79554 7.09056 7.40192 0.305154
Vardas0470 Pavarde0470 2.4238 2.67864 4.31605 3.47238 7.62418 7.81311
Vardas0471 Pavarde0471 5.57325 1.22866 3.98286 4.66142 3.50898 6.90248
Vardas0472 Pavarde0472 9.12322 4.21732 4.83759 4.76662 6.85842 6.93055
Vardas0473 Pavarde0473 2.12247 6.127 6.32329 4.16012 7.54604 5.86672
Vardas0474 Pavarde0474 9.48804 1.87257 8.94247 7.84995 5.8786 6.12332
Vardas0475 Pavarde0475 0.661201 8.54682 1.58075 6.13878 5.66772 1.07159
Vardas0476 Pavarde0476 7.82983 2.901 6.16226 3.07363 7.45572 2.8358
Vardas0477 Pavarde0477 4.42199 2.57943 1.69268 8.79918 1.48426 5.53565
Vardas0478 Pavarde0478 9.95485 9.56947 1.07754 0.50411 9.19532 5.40667
Vardas0479 Pavarde0479 8.08361 6.19455 0.584708 8.14879 8.26517 9.26461
Vardas0480 Pavarde0480 8.63143 4.60158 3.36415 2.96327 9.73044 3.34047
Vardas0481 Pavarde0481 0.600755 1.86365 3.69206 9.67876 1.99986 7.13062
Vardas0482 Pavarde0482 1.03523 8.71079 6.04288 0.127025 3.8681 5.44958
Vardas0483 Pavarde0483 2.56681 0.160695 7.08249 6.34066 7.1175 1.51755
Vardas0484 Pavarde0484 5.27558 5.65601 6.9018 6.69414 8.84971 4.80106
Vardas0485 Pavarde0485 8.29314 1.83962 6.02575 3.4541 9.42751 5.53126
Vardas0486 Pavarde0486 4.13221 8.85891 3.19852 7.25369 2.64013 8.44412
Vardas0487 Pavarde0487 2.1383 8.8487 5.32814 0.58843 8.34306 6.38043
Vardas0488 Pavarde0488 3.66564 2.97868 8.76228 0.944143 6.14033 8.71664
Vardas0489 Pavarde0489 7.76622 9.14003 3.58614 8.52497 5.53416 1.22957
Vardas0490 Pavarde0490 9.8418 7.98095 3.3649 4.49464 1.36523 2.92917
Vardas0491 Pavarde0491 2.85538 0.707331 6.45292 1.51688 7.46837 7.0549
Vardas0492 Pavarde0492 1.09582 4.12649 3.04741 1.03072 3.5771 8.99797
Vardas0493 Pavarde0493 2.54291 4.79007 0.709382 6.4788 9.90272 4.11121
Vardas0494 Pavarde0494 7.22141 0.130192 9.98233 6.02979 1.60252 3.4484
Vardas0495 Pavarde0495 3.47374 2.55719 7.99335 7.50448 3.31388 5.87532
Vardas0496 Pavarde0496 0.996153 4.02689 7.24536 9.16971 9.95125 2.17999
Vardas0497 Pavarde0497 2.07952 1.50981 7.91257 1.43847 2.03627 4.13146
Vardas0498 Pavarde0498 9.59039 7.96626 6.27141 6.68588 9.32818 5.42229
Vardas0499 Pavarde0499 5.49015 7.84599 2.73205 3.50672 5.16172 0.529939
Vardas0500 Pavarde0500 2.47996 8.05194 3.32166 1.79118 5.03813 2.45503
Vardas0501 Pavarde0501 0.512755 7.85747 1.68226 9.86517 5.47132 2.24958
Vardas0502 Pavarde0502 7.53092 3.32076 5.45191 3.41479 1.49984 9.00612
Vardas0503 Pavarde0503 1.34505 2.45574 2.74363 7.08108 8.3707 8.98602
Vardas0504 Pavarde0504 5.77273 7.30724 0.209261 7.99252 9.03956 2.36435
Vardas0505 Pavarde0505 9.78783 2.38799 1.99553 8.564 4.43966 0.281466
Vardas0506 Pavarde0506 4.29126 2.42666 0.285963 7.53042 4.19408 3.26451
Vardas0507 Pavarde0507 9.5239 5.97621 4.08808 9.62901 2.96307 2.36008
Vardas0508 Pavarde0508 2.9008 5.2943 0.437905 1.00067 0.570067 7.16602
Vardas0509 Pavarde0509 2.84153 1.3033 9.02198 1.73079 0.775277 7.88673
Vardas0510 Pavarde0510 8.6441 7.38999 6.96928 9.99986 6.05893 1.14003
Vardas0511 Pavarde0511 2.34053 1.54778 8.04554 6.86321 0.714743 3.26787
Vardas0512 Pavarde0512 1.07589 7.7325 6.05372 3.79475 3.47299 3.56861
Vardas0513 Pavarde0513 7.48147 1.47187 7.74612 6.78432 0.186288 8.64304
Vardas0514 Pavarde0514 2.51055 0.263998 0.247907 5.03428 5.69838 3.86996
Vardas0515 Pavarde0515 8.21371 7.4266 9.84505 3.98427 9.16502 0.694777
Vardas0516 Pavarde0516 2.45639 7.16816 6.82308 9.59093 8.09099 4.50583
Vardas0517 Pavarde0517 8.45448 3.16736 1.04813 1.81404 7.82866 1.07258
Vardas0518 Pavarde0518 6.61001 1.7765 0.0724664 9.53704 3.17121 2.63891
Vardas0519 Pavarde0519 0.235298 3.50698 9.74798 3.80248 8.03727 3.30543
Vardas0520 Pavarde0520 7.62801 8.31469 5.46613 6.46617 0.0248196 6.08258
Vardas0521 Pavarde0521 7.67694 2.21142 3.40708 5.63974 5.10131 7.45645
Vardas0522 Pavarde0522 7.91572 1.00369 5.35496 0.246723 5.00915 9.21861
Vardas0523 Pavarde0523 6.64423 7.96189 8.06481 2.9061 4.59205 0.642221
Vardas0524 Pavarde0524 3.3624 6.79205 3.02307 1.78397 6.19122 0.43358
Vardas0525 Pavarde0525 7.96249 7.21252 2.17844 9.82258 8.57575 7.52057
Vardas0526 Pavarde0526 9.73668 1.15311 3.42981 6.12443 9.59896 6.25917
Vardas0527 Pavarde0527 7.79869 7.4388 2.02416 6.01075 5.98743 1.92508
Vardas0528 Pavarde0528 1.00019 7.27797 2.76488 9.72035 4.3567 5.64003
Vardas0529 Pavarde0529 9.17077 1.98826 5.78386 8.20788 0.555527 0.71861
Vardas0530 Pavarde0530 0.244785 5.10774 7.33499 5.86179 6.20765 5.58
Vardas0531 Pavarde0531 2.12324 7.16737 3.32443 3.64979 5.39312 5.63637
Vardas0532 Pavarde0532 9.86133 9.50235 9.03635 2.55149 2.17123 9.79625
Vardas0533 Pavarde0533 9.27328 6.75773 0.367413 8.06382 8.06153 4.41492
Vardas0534 Pavarde0534 6.81829 8.22111 1.62812 6.24215 5.44885 8.00048
Vardas0535 Pavarde0535 4.42117 7.89382 6.43169 5.45639 6.5042 2.93785
Vardas0536 Pavarde0536 4.19661 0.215278 9.55849 7.29775 0.784709 8.09244
Vardas0537 Pavarde0537 5.22519 8.80913 0.559815 3.6607 4.50408 2.35833
Vardas0538 Pavarde0538 3.18576 8.33437 3.04526 7.45165 1.93129 0.373863
Vardas0539 Pavarde0539 7.86914 7.03522 5.46343 6.92187 7.90856 3.24646
Vardas0540 Pavarde0540 5.81581 5.35654 4.11698 8.66487 2.45593 9.11228
Vardas0541 Pavarde0541 4.57947 5.48625 7.62391 9.36478 4.85546 5.8771
Vardas0542 Pavarde0542 8.30417 6.56699 3.3135 7.8275 8.04779 1.36143
Vardas0543 Pavarde0543 7.55677 1.997 1.798 2.97456 9.2078 2.44904
Vardas0544 Pavarde0544 4.89442 0.462874 4.99635 8.76978 9.89893 2.43925
Vardas0545 Pavarde0545 4.63669 4.32595 0.527251 8.66229 1.8042 7.95855
Vardas0546 Pavarde0546 5.71336 3.50038 8.63777 6.98188 1.01568 5.61079
Vardas0547 Pavarde0547 4.12864 8.2788 7.77227 9.80446 9.37084 0.789631
Vardas0548 Pavarde0548 5.05901 8.68338 0.327398 5.72072 4.13258 0.828452
Vardas0549 Pavarde0549 0.849599 6.22103 3.88083 5.01934 2.66469 0.329628
Vardas0550 Pavarde0550 7.53732 7.08791 6.6496 3.67 5.96821 5.37909
Vardas0551 Pavarde0551 6.8105 8.87854 3.13705 3.65773 1.33337 9.00606
Vardas0552 Pavarde0552 6.13974 8.28172 7.1896 1.30544 1.42947 3.29557
Vardas0553 Pavarde0553 7.0011 0.200987 4.34671 3.86842 8.21806 5.28351
Vardas0554 Pavarde0554 2.30028 2.16856 6.4754 9.13384 0.0993554 5.62296
Vardas0555 Pavarde0555 8.81068 5.94431 1.34243 2.08792 1.07235 6.8323
Vardas0556 Pavarde0556 6.31625 1.63253 4.87056 7.36454 7.28077 2.35225
Vardas0557 Pavarde0557 2.61598 2.90896 5.97035 7.61309 6.02348 4.05859
Vardas0558 Pavarde0558 9.53546 1.10067 0.96061 9.6922 6.56757 6.03875
Vardas0559 Pavarde0559 2.90187 1.9651 5.11194 7.8654 0.131056 7.07727
Vardas0560 Pavarde0560 0.709972 4.0539 8.61149 6.21615 3.98115 1.41378
Vardas0561 Pavarde0561 3.54109 0.258794 7.91232 3.99841 9.63624 5.03535
Vardas0562 Pavarde0562 9.7144 4.33371 7.37111 1.64305 9.34081 7.58418
Vardas0563 Pavarde0563 1.38847 9.16955 7.99886 2.02174 7.57183 3.39552
Vardas0564 Pavarde0564 0.451226 1.44871 2.26135 5.89426 1.11443 1.055
Vardas0565 Pavarde0565 9.15548 8.35339 0.600971 1.22258 0.644517 1.37816
Vardas0566 Pavarde0566 8.21769 4.8052 4.01851 7.7366 8.03576 9.75075
Vardas0567 Pavarde0567 2.37779 0.364722 8.69105 7.5606 8.44409 2.98223
Vardas0568 Pavarde0568 0.819258 2.80707 5.39702 5.1821 6.56487 0.0875893
Vardas0569 Pavarde0569 0.146392 3.6557 2.75142 1.61128 5.92149 9.82639
Vardas0570 Pavarde0570 7.00326 9.74675 3.31163 4.70393 4.01763 6.24568
Vardas0571 Pavarde0571 4.9551 8.89258 8.22933 1.89176 9.8602 0.632066
Vardas0572 Pavarde0572 0.730368 7.64641 2.63791 2.93309 9.56296 6.70463
Vardas0573 Pavarde0573 2.06848 3.89276 0.349089 6.99894 8.49801 1.89737
Vardas0574 Pavarde0574 3.68871 7.64411 9.97373 9.36847 5.12985 2.08738
Vardas0575 Pavarde0575 7.61898 7.13917 8.94662 9.35758 6.22963 3.78574
Vardas0576 Pavarde0576 2.888 4.0782 7.80114 3.53802 2.27864 5.7387
Vardas0577 Pavarde0577 4.31764 5.20876 0.546598 6.72136 8.83396 2.27099
Vardas0578 Pavarde0578 0.390631 3.07847 4.66909 6.81524 3.51969 3.34785
Vardas0579 Pavarde0579 8.71549 9.60546 4.47883 8.12257 7.58528 8.05911
Vardas0580 Pavarde0580 7.72463 0.381726 6.47142 3.6275 1.31697 6.65579
Vardas0581 Pavarde0581 0.127358 2.40197 9.93078 8.128 8.80977 8.68699
Vardas0582 Pavarde0582 7.34865 4.75621 8.89154 0.98837 1.39322 3.29777
Vardas0583 Pavarde0583 5.63438 7.61912 4.27607 7.18316 1.31128 3.76694
Vardas0584 Pavarde0584 3.60792 2.56392 5.5006 1.81534 1.05925 3.69026
Vardas0585 Pavarde0585 0.324812 5.16469 8.63347 2.74688 7.91728 8.26407
Vardas0586 Pavarde0586 0.968791 3.82616 3.16151 7.39433 0.297473 4.46304
Vardas0587 Pavarde0587 6.26906 5.47513 5.63873 8.32133 7.44389 3.93344
Vardas0588 Pavarde0588 2.30734 2.75711 0.037669 5.96353 4.45109 5.10972
Vardas0589 Pavarde0589 4.70071 1.55356 5.81088 1.36983 1.6713 4.0905
Vardas0590 Pavarde0590 3.00901 9.4268 4.70943 9.18165 8.00823 0.934866
Vardas0591 Pavarde0591 2.6013 2.89768 2.36177 9.03091 6.00791 6.93145
Vardas0592 Pavarde0592 7.83765 6.31375 2.91999 2.52684 7.45138 0.576572
Vardas0593 Pavarde0593 8.57989 9.95921 2.58551 2.87753 4.39004 6.50701
Vardas0594 Pavarde0594 7.30604 5.54243 4.62668 6.54398 4.81454 9.90761
Vardas0595 Pavarde0595 4.14457 7.47694 8.03008 4.38053 6.64085 1.30334
Vardas0596 Pavarde0596 7.15178 5.65084 8.95882 1.30821 1.25458 9.07554
Vardas0597 Pavarde0597 5.17638 4.56157 3.10836 0.467525 0.0535327 0.149519
Vardas0598 Pavarde0598 9.361 3.52699 7.44736 7.66521 6.82342 4.52087
Vardas0599 Pavarde0599 8.31679 7.92961 9.68612 3.029 6.77539 8.23263
Vardas0600 Pavarde0600 0.548063 3.9358 2.50938 1.25164 4.69884 8.43969
Vardas0601 Pavarde0601 8.59194 2.22621 3.30476 9.86935 1.01442 8.66676
Vardas0602 Pavarde0602 0.334114 4.1725 2.65697 1.09681 0.110524 4.89046
Vardas0603 Pavarde0603 4.28595 5.56112 1.98015 1.35209 8.67181 9.30414
Vardas0604 Pavarde0604 0.96559 4.22666 9.07446 3.25155 6.7848 2.40606
Vardas0605 Pavarde0605 9.4243 3.43034 4.3865 2.47125 6.13815 5.92775
Vardas0606 Pavarde0606 4.44498 6.35978 8.21834 0.620357 5.75632 1.9746
Vardas0607 Pavarde0607 7.12837 5.23309 3.933 6.87608 9.73875 9.71419
Vardas0608 Pavarde0608 6.94153 0.259882 5.5806 7.5752 5.34659 2.41255
Vardas0609 Pavarde0609 8.80675 8.78997 7.44305 0.256263 2.79889 0.393467
Vardas0610 Pavarde0610 4.02086 3.17809 3.13958 1.58939 4.98202 0.194566
Vardas0611 Pavarde0611 6.48607 3.03969 1.72423 9.99468 8.93457 6.60665
Vardas0612 Pavarde0612 8.05253 2.21275 8.52996 0.383795 1.44307 7.23438
Vardas0613 Pavarde0613 9.42152 1.09707 4.91372 6.79549 0.0425027 0.00992341
Vardas0614 Pavarde0614 3.59804 4.52928 2.34003 4.15762 8.3324 5.6611
Vardas0615 Pavarde0615 3.90848 1.54257 8.4989 6.83381 1.32675 1.71602
Vardas0616 Pavarde0616 0.0534866 1.27922 6.32294 9.50684 9.26943 4.00654
Vardas0617 Pavarde0617 4.34919 2.72834 3.3344 9.65269 5.60813 8.86862
Vardas0618 Pavarde0618 5.53733 8.60741 1.80009 2.55189 1.39381 0.606508
Vardas0619 Pavarde0619 0.381874 0.394219 1.13942 6.79799 4.53959 9.5475
Vardas0620 Pavarde0620 9.03603 2.12341 8.94095 7.93026 8.30121 1.18425
Vardas0621 Pavarde0621 9.67553 0.033766 2.54062 8.68147 5.12749 8.58894
Vardas0622 Pavarde0622 6.59937 6.36271 8.55153 3.33262 1.87997 4.13795
Vardas0623 Pavarde0623 8.26661 1.05923 5.73791 1.63599 0.759106 2.01054
Vardas0624 Pavarde0624 1.38766 4.13526 2.57841 3.03679 4.52547 3.73861
Vardas0625 Pavarde0625 3.65388 6.22089 9.79011 9.25353 3.88355 7.11349
Vardas0626 Pavarde0626 6.42538 3.11323 3.89835 3.28913 5.23342 1.43549
Vardas0627 Pavarde0627 8.66924 0.505541 9.8423 0.29499 9.89863 8.62377
Vardas0628 Pavarde0628 1.75344 7.28605 2.37561 9.37387 4.74781 0.730596
Vardas0629 Pavarde0629 0.257414 5.16303 3.83895 3.00867 7.03591 0.998621
Vardas0630 Pavarde0630 0.0142877 9.98007 1.53081 6.71738 7.11975 2.30586
Vardas0631 Pavarde0631 0.921852 1.21197 9.7545 6.47382 3.11429 6.47656
Vardas0632 Pavarde0632 1.95471 1.10488 2.59421 1.32914 3.58635 9.76125
Vardas0633 Pavarde0633 6.88907 9.78621 5.94779 0.11585 0.0382153 1.79297
Vardas0634 Pavarde0634 9.05628 0.294189 3.26581 6.38887 0.507727 1.12903
Vardas0635 Pavarde0635 7.56657 0.576875 7.11576 6.81108 7.68756 5.73224
Vardas0636 Pavarde0636 6.83918 5.63796 1.31336 7.78276 7.89688 8.55628
Vardas0637 Pavarde0637 7.02504 0.416031 9.58858 9.00808 2.19161 1.29074
Vardas0638 Pavarde0638 5.86994 0.260611 0.76921 2.32354 8.29714 1.73338
Vardas0639 Pavarde0639 2.95863 3.85299 4.16932 1.15005 2.66593 5.28251
Vardas0640 Pavarde0640 3.9032 6.25464 6.05936 7.61509 0.529789 2.27979
Vardas0641 Pavarde0641 0.0317199 0.0515024 3.97069 3.67957 4.07871 3.8595
Vardas0642 Pavarde0642 9.51772 9.68894 6.70199 3.3605 1.09351 1.59298
Vardas0643 Pavarde0643 4.39245 9.32466 1.99141 5.46774 0.258559 5.21334
Vardas0644 Pavarde0644 8.74278 6.88223 5.97825 2.66649 7.17524 2.65287
Vardas0645 Pavarde0645 0.0629547 2.09668 3.79038 3.85594 8.47885 3.5842
Vardas0646 Pavarde0646 5.41041 1.98641 2.74784 6.09902 6.36031 8.94174
Vardas0647 Pavarde0647 7.91728 3.23429 4.01106 6.30858 9.78111 6.63301
Vardas0648 Pavarde0648 8.60297 0.588616 4.95504 2.34043 2.17305 8.23543
Vardas0649 Pavarde0649 2.93743 2.90794 2.68758 3.73234 3.38556 7.40403
Vardas0650 Pavarde0650 3.58161 2.4106 4.23578 7.27797 7.2524 8.58595
Vardas0651 Pavarde0651 5.79663 7.89733 0.236012 1.10367 6.28162 6.3989
Vardas0652 Pavarde0652 1.04142 2.71929 0.294329 1.3891 3.34736 6.61431
Vardas0653 Pavarde0653 4.61884 9.33314 7.8185 5.04907 5.88312 3.54525
Vardas0654 Pavarde0654 4.48925 6.99961 5.06585 2.91483 7.44808 9.30776
Vardas0655 Pavarde0655 8.51488 4.2543 1.8217 0.651571 5.53136 9.21379
Vardas0656 Pavarde0656 1.39255 7.27 6.34774 5.47757 4.14651 5.59433
Vardas0657 Pavarde0657 3.61024 6.58422 3.30425 7.67011 2.02803 7.8871
Vardas0658 Pavarde0658 0.237614 3.19566 0.351599 3.80744 4.11591 0.46257
Vardas0659 Pavarde0659 8.61292 2.15316 0.143686 9.22529 3.15413 5.5694
Vardas0660 Pavarde0660 7.3757 1.95446 4.51496 7.4717 2.87299 9.81043
Vardas0661 Pavarde0661 2.94865 1.44558 1.77813 9.13618 9.60694 3.57167
Vardas0662 Pavarde0662 7.59282 1.15016 8.29349 9.48561 3.29472 7.66405
Vardas0663 Pavarde0663 3.00988 3.21469 6.04043 9.53925 5.88837 7.59243
Vardas0664 Pavarde0664 9.77215 4.87149 7.14686 2.28496 5.74908 1.91644
Vardas0665 Pavarde0665 7.19666 6.69756 1.46465 6.51511 4.16651 2.73274
Vardas0666 Pavarde0666 6.00677 0.121363 0.890735 5.05949 3.65108 2.41268
Vardas0667 Pavarde0667 4.25758 9.69671 7.64665 2.57982 6.95803 6.76273
Vardas0668 Pavarde0668 0.378649 9.15924 6.26333 2.0499 0.255918 6.6643
Vardas0669 Pavarde0669 7.86033 6.03174 2.15631 9.02647 8.05133 5.99426
Vardas0670 Pavarde0670 6.74503 5.78978 5.78306 6.11223 9.24079 6.72741
Vardas0671 Pavarde0671 3.73323 6.62121 2.25771 4.15208 7.25085 6.53833
Vardas0672 Pavarde0672 1.28833 7.73029 0.23707 6.16077 0.772826 5.90445
Vardas0673 Pavarde0673 4.71274 4.01188 1.25831 1.23441 0.874102 0.556003
Vardas0674 Pavarde0674 6.53525 7.19995 9.54767 4.6517 8.70181 6.46062
Vardas0675 Pavarde0675 5.54413 7.043 5.70985 0.959017 5.51205 9.21837
Vardas0676 Pavarde0676 4.64974 4.58345 6.10178 6.08205 1.00457 8.41319
Vardas0677 Pavarde0677 9.2936 4.40664 2.23427 6.15689 9.29684 2.5938
Vardas0678 Pavarde0678 8.49519 3.67479 5.70711 8.80756 9.37943 4.56809
Vardas0679 Pavarde0679 5.53396 4.43885 9.18053 7.90661 2.90837 9.09167
Vardas0680 Pavarde0680 1.9149 1.74532 2.45694 9.26246 1.19896 2.70917
Vardas0681 Pavarde0681 4.98934 7.18327 3.99581 5.95075 3.94402 9.39074
Vardas0682 Pavarde0682 0.631334 4.31809 3.97016 5.74516 6.52156 1.89277
Vardas0683 Pavarde0683 5.67664 8.69043 3.81654 7.92506 5.22916 9.68509
Vardas0684 Pavarde0684 8.78062 0.0633735 1.61005 3.9577 3.9964 4.51925
Vardas0685 Pavarde0685 6.32859 2.86455 8.29983 0.812178 5.48812 9.07057
Vardas0686 Pavarde0686 6.35713 4.02291 1.84624 2.35094 8.33754 3.74616
Vardas0687 Pavarde0687 4.20306 2.78383 6.7384 1.88682 4.39344 2.28966
Vardas0688 Pavarde0688 9.3363 1.06618 2.28023 8.82538 8.61599 1.25768
Vardas0689 Pavarde0689 7.34231 6.12032 6.45758 7.41567 9.31145 2.02054
Vardas0690 Pavarde0690 7.46061 0.122047 5.34696 7.44413 6.5238 4.41931
Vardas0691 Pavarde0691 3.65266 5.24374 4.70783 6.86624 9.85436 8.77061
Vardas0692 Pavarde0692 7.72661 6.49221 9.31242 8.00912 8.68887 4.40741
Vardas0693 Pavarde0693 4.02703 1.85027 8.66345 2.43697 9.20658 4.77334
Vardas0694 Pavarde0694 8.85744 4.5275 9.20727 1.65083 0.781588 8.21218
Vardas0695 Pavarde0695 8.15377 7.68688 9.98097 2.05285 5.85589 6.43167
Vardas0696 Pavarde0696 4.94721 7.45465 9.05425 0.879362 7.15791 5.61217
Vardas0697 Pavarde0697 4.73864 8.40361 6.86942 9.46017 1.75759 6.03429
Vardas0698 Pavarde0698 0.777278 8.95197 6.37105 0.294183 9.92786 5.12815
Vardas0699 Pavarde0699 3.71745 6.85297 6.84023 5.45339 7.09916 6.27603
Vardas0700 Pavarde0700 6.89373 0.637824 8.7079 3.04133 4.42495 9.05199
Vardas0701 Pavarde0701 8.05242 5.80119 2.22031 9.10164 1.58922 6.79279
Vardas0702 Pavarde0702 9.0503 6.31873 3.44574 5.84263 7.38221 0.404459
Vardas0703 Pavarde0703 5.00049 1.84787 3.82333 6.58167 8.13728 7.66211
Vardas0704 Pavarde0704 8.30424 2.93491 9.6987 4.09886 1.85972 7.4427
Vardas0705 Pavarde0705 7.1744 8.74623 9.01383 5.7934 1.94787 6.58215
Vardas0706 Pavarde0706 1.03236 6.12635 4.10218 3.45109 8.28291 0.957827
Vardas0707 Pavarde0707 1.16064 3.56337 0.87325 3.13122 7.05399 2.87128
Vardas0708 Pavarde0708 2.14379 2.62498 1.01725 5.0148 9.76267 6.06581
Vardas0709 Pavarde0709 6.79297 6.95343 4.15539 3.76212 5.3012 7.67323
Vardas0710 Pavarde0710 2.33039 4.96014 9.78188 8.85895 0.644469 6.60251
Vardas0711 Pavarde0711 9.20821 5.76177 8.55324 4.21116 5.93451 0.567621
Vardas0712 Pavarde0712 2.91392 9.86545 8.01894 9.03644 1.76191 6.00567
Vardas0713 Pavarde0713 6.36663 1.30345 1.00946 3.33194 3.13889 3.61813
Vardas0714 Pavarde0714 1.66916 1.52846 1.16771 8.53979 7.3252 7.11973
Vardas0715 Pavarde0715 6.67059 2.06032 3.50571 0.185248 1.69791 4.65238
Vardas0716 Pavarde0716 3.62059 2.61301 7.47919 6.64419 2.86547 7.80731
Vardas0717 Pavarde0717 0.595174 8.71993 5.59988 3.98207 3.21651 1.0889
Vardas0718 Pavarde0718 7.71879 5.56401 1.23752 2.98087 9.8926 0.74544
Vardas0719 Pavarde0719 7.02313 7.19235 3.93197 3.3555 1.0458 2.74245
Vardas0720 Pavarde0720 0.648959 2.57194 8.0705 0.368303 6.11486 3.13098
Vardas0721 Pavarde0721 9.07837 4.44599 2.91209 6.78768 4.91327 5.69667
Vardas0722 Pavarde0722 8.10938 6.89877 9.89903 6.11905 6.76839 5.54085
Vardas0723 Pavarde0723 4.36282 4.00688 8.17712 9.79742 9.04284 6.72643
Vardas0724 Pavarde0724 0.453733 6.03834 8.45359 3.22892 6.18363 9.05946
Vardas0725 Pavarde0725 1.40256 2.59055 0.673128 4.36077 4.38871 9.54119
Vardas0726 Pavarde0726 3.79839 3.93623 2.63778 0.621515 9.23863 1.63739
Vardas0727 Pavarde0727 3.75855 5.56747 0.825437 8.55003 8.20079 9.01783
Vardas0728 Pavarde0728 9.60881 8.56469 1.04889 3.12783 9.2135 4.29886
Vardas0729 Pavarde0729 5.45167 0.0151584 2.87102 3.15432 5.2924 3.5994
Vardas0730 Pavarde0730 9.70627 7.68114 6.73376 4.55435 3.83549 9.69507
Vardas0731 Pavarde0731 1.04788 7.84484 8.27633 4.00092 0.577436 5.19257
Vardas0732 Pavarde0732 3.67813 1.04279 6.03152 1.27402 2.98483 2.5838
Vardas0733 Pavarde0733 9.43616 7.33706 0.348397 5.76228 7.92766 2.03737
Vardas0734 Pavarde0734 2.4281 0.972419 0.422089 4.52354 5.49024 8.24837
Vardas0735 Pavarde0735 5.39146 2.61564 1.98301 9.98077 2.86607 5.29208
Vardas0736 Pavarde0736 3.52271 0.512986 6.04532 2.83698 1.18069 8.01865
Vardas0737 Pavarde0737 4.78592 1.86508 0.681225 6.09803 3.53486 9.69185
Vardas0738 Pavarde0738 9.38329 8.09333 4.38724 5.59543 6.91774 5.87207
Vardas0739 Pavarde0739 5.26906 6.46944 8.16125 4.93853 4.77587 7.2919
Vardas0740 Pavarde0740 4.8832 5.37895 9.52407 2.96352 6.75511 8.08103
Vardas0741 Pavarde0741 3.89757 2.5498 3.41815 7.28091 6.64983 0.256127
Vardas0742 Pavarde0742 1.39383 7.54057 0.153755 0.162243 7.37953 4.3746
Vardas0743 Pavarde0743 2.16045 1.85994 1.21624 2.72384 2.51551 1.96059
Vardas0744 Pavarde0744 0.405515 5.21989 4.08182 1.41532 1.20798 3.25444
Vardas0745 Pavarde0745 2.7877 3.50235 4.73522 7.52715 5.27453 1.38292
Vardas0746 Pavarde0746 1.87895 9.51472 5.27027 1.94654 6.03621 3.31226
Vardas0747 Pavarde0747 8.9754 3.59203 0.401837 8.80762 7.209 9.56956
Vardas0748 Pavarde0748 4.09801 5.01527 0.667898 2.11706 6.53067 9.79425
Vardas0749 Pavarde0749 2.89208 7.27145 4.31673 1.63569 1.88871 2.40173
Vardas0750 Pavarde0750 3.96882 5.43263 7.32516 8.29502 1.23822 3.76918
Vardas0751 Pavarde0751 2.46225 7.64573 2.85917 8.2809 9.20179 7.09659
Vardas0752 Pavarde0752 4.55358 6.45945 7.33165 7.10442 2.94505 4.57156
Vardas0753 Pavarde0753 5.16704 3.55026 8.89422 2.63009 7.50664 2.63521
Vardas0754 Pavarde0754 1.6802 6.82617 2.96777 7.5981 2.33162 9.14146
Vardas0755 Pavarde0755 1.70937 9.37767 2.89784 7.47514 9.82733 2.38419
Vardas0756 Pavarde0756 4.68634 6.47476 5.16237 4.3055 0.132843 7.78385
Vardas0757 Pavarde0757 3.58353 3.68444 3.69057 1.08291 4.89739 8.03562
Vardas0758 Pavarde0758 7.04965 9.14344 1.0085 1.4317 6.18151 0.582597
Vardas0759 Pavarde0759 1.77495 0.763545 8.08918 9.68959 1.95657 8.12818
Vardas0760 Pavarde0760 5.09043 6.60131 2.04023 2.82755 2.23698 6.63037
Vardas0761 Pavarde0761 3.50272 1.2523 8.93545 8.01672 3.82947 6.53762
Vardas0762 Pavarde0762 3.89769 0.890193 0.127789 1.29608 4.73434 2.19704
Vardas0763 Pavarde0763 5.60869 0.936288 5.04698 4.49912 1.01648 7.94976
Vardas0764 Pavarde0764 4.51639 8.23791 6.19563 1.3712 9.20713 7.6733
Vardas0765 Pavarde0765 3.2429 1.70197 9.47775 5.56855 9.85063 3.6104
Vardas0766 Pavarde0766 5.28658 5.89636 3.61598 3.1823 0.14734 6.29141
Vardas0767 Pavarde0767 6.94027 6.83926 3.37266 1.4401 0.217658 0.607637
Vardas0768 Pavarde0768 9.17193 0.865227 7.35743 9.73416 6.55776 1.80809
Vardas0769 Pavarde0769 8.4758 3.62594 7.8399 9.24664 0.730304 5.69593
Vardas0770 Pavarde0770 2.45005 2.94339 5.7016 9.68892 0.853468 2.45505
Vardas0771 Pavarde0771 2.40008 9.54191 1.80588 8.94355 1.87476 1.26836
Vardas0772 Pavarde0772 7.52267 3.03486 2.16914 2.49913 1.76827 8.30333
Vardas0773 Pavarde0773 0.767766 0.000826615 3.85682 6.93781 1.42526 3.34734
Vardas0774 Pavarde0774 1.27078 2.88527 7.37173 5.4429 8.92674 5.9984
Vardas0775 Pavarde0775 9.53966 3.08769 2.30875 0.405704 2.2574 8.39627
Vardas0776 Pavarde0776 4.41432 4.61767 0.453914 4.40136 0.510508 4.67807
Vardas0777 Pavarde0777 3.54276 3.87275 5.45585 2.8887 5.96621 5.47406
Vardas0778 Pavarde0778 6.03834 0.434045 4.30639 0.427908 3.90089 4.50688
Vardas0779 Pavarde0779 1.94431 8.58894 3.17015 7.58505 9.65893 5.85648
Vardas0780 Pavarde0780 4.70632 3.00741 4.19031 4.39649 5.12746 7.06649
Vardas0781 Pavarde0781 7.49836 9.72116 7.77838 3.39503 3.11857 5.90782
Vardas0782 Pavarde0782 5.04596 1.60402 8.86105 9.77094 5.69165 6.66744
Vardas0783 Pavarde0783 5.11711 6.49253 6.41137 1.6712 1.87385 8.77485
Vardas0784 Pavarde0784 2.29102 8.92019 4.60884 7.75425 1.79772 8.00719
Vardas0785 Pavarde0785 8.82199 2.72256 4.03638 4.47181 6.37598 5.18749
Vardas0786 Pavarde0786 8.39188 8.8741 4.68086 7.54597 8.77425 9.50664
Vardas0787 Pavarde0787 4.29231 1.2277 5.39878 0.164235 2.68677 4.88578
Vardas0788 Pavarde0788 5.86307 3.03864 3.07039 6.62599 5.09053 3.74626
Vardas0789 Pavarde0789 8.01582 8.16784 7.12817 0.931577 1.16474 7.65575
Vardas0790 Pavarde0790 4.96922 2.7185 9.42739 6.53786 7.16317 9.5865
Vardas0791 Pavarde0791 0.234256 4.14583 4.34896 0.121884 2.4045 3.12206
Vardas0792 Pavarde0792 1.55066 0.854587 3.1433 3.1319 5.90822 2.76731
Vardas0793 Pavarde0793 7.96401 5.5869 8.35757 6.819 0.3778 4.13548
Vardas0794 Pavarde0794 7.19282 3.2157 9.54867 7.11621 9.62488 1.23329
Vardas0795 Pavarde0795 5.6555 3.55022 1.13145 0.122757 1.00052 1.20504
Vardas0796 Pavarde0796 5.02278 5.41635 7.06449 8.5837 3.97696 0.109026
Vardas0797 Pavarde0797 6.32296 3.97349 7.34086 1.44705 6.98693 3.79731
Vardas0798 Pavarde0798 8.90175 2.15621 4.80851 2.70578 3.70137 9.96884
Vardas0799 Pavarde0799 0.486893 7.72416 3.08075 4.74184 3.59039 4.66594
Vardas0800 Pavarde0800 1.49207 1.2149 2.98031 2.99471 7.08115 6.17695
Vardas0801 Pavarde0801 3.71077 6.90526 2.46587 3.85337 4.51127 1.07516
Vardas0802 Pavarde0802 5.30192 7.92924 7.75272 1.39471 1.79321 3.03219
Vardas0803 Pavarde0803 9.70712 4.05547 5.69447 5.85507 8.60123 5.43684
Vardas0804 Pavarde0804 9.34386 4.69218 7.94056 0.864241 7.05196 2.85938
Vardas0805 Pavarde0805 8.37738 8.80102 2.6503 1.04662 2.40117 6.04098
Vardas0806 Pavarde0806 1.7151 0.115117 0.527109 5.48495 0.185206 6.36398
Vardas0807 Pavarde0807 2.31959 1.94221 9.44973 2.66395 1.67935 8.2925
Vardas0808 Pavarde0808 5.0679 8.05053 3.5302 3.92774 3.27427 3.86818
Vardas0809 Pavarde0809 7.3626 2.21898 1.94353 6.90092 7.45258 0.754092
Vardas0810 Pavarde0810 8.39478 9.49629 5.85872 7.91756 7.17847 3.21434
Vardas0811 Pavarde0811 2.56675 0.36518 7.84601 7.59719 6.57734 8.17633
Vardas0812 Pavarde0812 0.61372 1.38718 6.24615 1.52108 1.51234 6.16617
Vardas0813 Pavarde0813 4.2377 1.23562 2.40536 8.5622 8.03132 8.97609
Vardas0814 Pavarde0814 2.40998 1.86585 2.07334 0.955201 5.73466 1.8806
Vardas0815 Pavarde0815 0.490413 4.18193 0.946901 7.98778 4.1443 0.0982801
Vardas0816 Pavarde0816 7.79491 3.39053 7.15528 6.74153 2.25259 0.372651
Vardas0817 Pavarde0817 8.63028 6.01501 3.98116 7.93176 5.01627 3.16167
Vardas0818 Pavarde0818 2.04343 8.06319 0.747417 9.0736 6.01762 4.21327
Vardas0819 Pavarde0819 2.54542 0.132419 3.64051 7.04862 7.3717 3.46216
Vardas0820 Pavarde0820 4.8059 2.93323 5.67238 9.05703 8.64684 2.70387
Vardas0821 Pavarde0821 2.26023 2.72018 7.54311 5.94609 6.12999 8.53973
Vardas0822 Pavarde0822 0.569201 7.63395 6.09501 6.245 6.05895 0.38098
Vardas0823 Pavarde0823 4.12778 8.20698 2.07187 5.68428 4.71158 1.73192
Vardas0824 Pavarde0824 4.0346 9.40215 9.53676 8.88831 1.8689 3.13113
Vardas0825 Pavarde0825 5.15417 6.44829 2.95288 9.60386 3.11565 7.55143
Vardas0826 Pavarde0826 0.862991 6.96988 1.24534 0.274625 3.836 2.38558
Vardas0827 Pavarde0827 8.89523 4.66903 9.17194 6.22026 5.48566 5.79584
Vardas0828 Pavarde0828 4.57088 7.1939 4.71665 7.54931 9.02501 9.06619
Vardas0829 Pavarde0829 6.93434 5.58051 3.06091 1.16625 6.62734 4.51957
Vardas0830 Pavarde0830 6.93436 4.8433 5.61973 8.3445 3.77744 5.42664
Vardas0831 Pavarde0831 9.26508 6.89007 1.66528 1.49926 7.20985 9.95374
Vardas0832 Pavarde0832 7.78254 0.34755 5.82265 9.63784 3.26559 1.66305
Vardas0833 Pavarde0833 2.88875 9.23696 4.44872 3.50652 0.320628 5.40518
Vardas0834 Pavarde0834 7.68074 6.37448 5.88293 3.42932 8.74436 8.29082
Vardas0835 Pavarde0835 8.94897 7.92408 5.4206 7.11254 4.406 8.04165
Vardas0836 Pavarde0836 2.57973 2.90855 7.11527 8.54814 7.51138 7.83274
Vardas0837 Pavarde0837 8.36223 7.16974 0.990716 7.11998 7.73017 7.96812
Vardas0838 Pavarde0838 4.09776 9.86297 7.70336 0.017588 6.97628 2.87718
Vardas0839 Pavarde0839 3.38693 0.828305 3.69071 8.16689 5.44269 2.77352
Vardas0840 Pavarde0840 0.232095 0.860183 1.37247 2.14199 2.46939 3.30312
Vardas0841 Pavarde0841 1.14547 1.71939 0.169207 5.99447 6.61405 4.32444
Vardas0842 Pavarde0842 2.64737 2.46226 1.32749 7.17103 7.57897 8.01183
Vardas0843 Pavarde0843 1.85559 5.16204 8.69608 1.97929 0.661092 2.9711
Vardas0844 Pavarde0844 4.70653 3.97613 8.48707 7.67544 0.101749 4.59854
Vardas0845 Pavarde0845 2.06198 8.11084 8.89322 0.571312 4.92637 8.26544
Vardas0846 Pavarde0846 3.71911 2.75493 2.04452 2.13977 0.207516 8.78024
Vardas0847 Pavarde0847 2.56271 5.39605 0.875921 0.326661 1.19507 6.46581
Vardas0848 Pavarde0848 4.05136 6.52212 7.63774 7.63456 9.4193 4.81026
Vardas0849 Pavarde0849 9.98441 5.67787 8.95305 7.6747 5.28832 4.79211
Vardas0850 Pavarde0850 7.5979 2.8857 6.88338 9.91994 8.95486 9.44658
Vardas0851 Pavarde0851 9.0124 2.29496 6.95693 9.04902 9.06771 1.6724
Vardas0852 Pavarde0852 5.92114 2.26305 2.60292 8.8628 1.79555 8.68301
Vardas0853 Pavarde0853 3.07963 1.56036 1.92641 3.87831 3.15495 5.02694
Vardas0854 Pavarde0854 1.83949 2.07133 2.52112 3.70579 5.43757 9.37341
Vardas0855 Pavarde0855 4.83868 5.46163 4.66401 2.21326 0.73375 0.624887
Vardas0856 Pavarde0856 7.39624 3.32994 1.80732 5.11076 3.5301 5.01798
Vardas0857 Pavarde0857 1.92223 5.97938 1.58527 5.89052 9.44125 2.43694
Vardas0858 Pavarde0858 3.97149 0.860838 0.0687764 2.29923 4.82369 1.89495
Vardas0859 Pavarde0859 0.647136 3.44929 1.52126 6.76787 5.88471 0.407286
Vardas0860 Pavarde0860 0.378318 4.526 4.56441 5.30413 5.26371 1.75626
Vardas0861 Pavarde0861 5.32145 6.21201 6.45465 1.06307 5.76202 9.31951
Vardas0862 Pavarde0862 7.32474 4.76871 6.78331 8.71887 8.92232 4.008
Vardas0863 Pavarde0863 8.82766 1.98183 7.59673 0.0930689 5.41397 4.39777
Vardas0864 Pavarde0864 4.83523 6.99385 0.393596 9.60497 6.10607 1.4648
Vardas0865 Pavarde0865 3.83929 4.88267 1.17559 9.65254 7.29034 6.65499
Vardas0866 Pavarde0866 3.70943 3.70417 0.0586102 3.79743 2.54088 6.43979
Vardas0867 Pavarde0867 0.767346 1.78841 3.51731 9.54865 0.0382545 0.955988
Vardas0868 Pavarde0868 4.37995 7.4867 3.70244 6.29836 5.32932 6.66033
Vardas0869 Pavarde0869 7.74914 4.23742 1.09796 6.33481 4.51697 2.23474
Vardas0870 Pavarde0870 4.37601 7.60175 3.21433 0.120501 3.05262 8.19109
Vardas0871 Pavarde0871 5.52784 2.7179 5.2341 2.92017 4.94471 6.67425
Vardas0872 Pavarde0872 1.12972 8.89262 6.84593 7.36572 9.55346 7.28751
Vardas0873 Pavarde0873 5.88473 5.70628 4.00744 4.33366 3.62669 1.15156
Vardas0874 Pavarde0874 8.07475 8.03636 3.90242 6.56075 0.506469 6.85134
Vardas0875 Pavarde0875 2.05619 5.77714 0.848857 3.15583 7.23146 9.07456
Vardas0876 Pavarde0876 2.91231 4.83953 0.255092 6.94096 6.22116 9.41204
Vardas0877 Pavarde0877 2.83135 3.31984 4.88625 6.53752 1.12757 7.62199
Vardas0878 Pavarde0878 6.77197 3.01304 2.79063 8.754 7.1618 6.91024
Vardas0879 Pavarde0879 2.81055 4.39844 0.399879 7.14553 3.75874 6.99694
Vardas0880 Pavarde0880 9.90864 3.37671 6.28044 7.48926 0.944435 3.54464
Vardas0881 Pavarde0881 3.25539 6.75273 1.49857 0.865652 6.82743 8.90968
Vardas0882 Pavarde0882 5.01621 1.17427 4.241 3.73598 4.14844 5.22584
Vardas0883 Pavarde0883 9.25975 9.47739 0.661259 7.24964 7.5063 5.82665
Vardas0884 Pavarde0884 7.09498 9.15761 9.00858 2.4738 1.13329 2.20267
Vardas0885 Pavarde0885 0.604328 0.256502 2.34819 8.71449 8.07848 5.23219
Vardas0886 Pavarde0886 3.51172 6.22841 6.12285 1.95276 9.03967 7.43445
Vardas0887 Pavarde0887 1.08923 2.31613 9.79779 8.52299 7.52174 8.1795
Vardas0888 Pavarde0888 2.25692 8.05598 5.62244 7.07015 7.32595 4.18201
Vardas0889 Pavarde0889 0.837118 2.78799 6.63323 9.43261 0.547657 9.07848
Vardas0890 Pavarde0890 2.8241 6.02088 3.75776 0.118342 8.13997 5.89107
Vardas0891 Pavarde0891 2.93344 3.6276 0.298519 6.01452 3.3293 0.589129
Vardas0892 Pavarde0892 5.53092 2.34366 5.30324 7.58693 4.68419 8.98215
Vardas0893 Pavarde0893 5.54696 3.54457 3.27028 0.488592 7.89621 5.54266
Vardas0894 Pavarde0894 7.61353 2.23423 5.83986 7.04917 8.53105 1.57049
Vardas0895 Pavarde0895 8.85535 7.97825 7.16144 4.07349 5.52744 6.74231
Vardas0896 Pavarde0896 9.28037 5.34614 0.0171297 8.14712 3.07116 3.14133
Vardas0897 Pavarde0897 1.61559 3.97821 2.93885 4.86026 6.28685 5.83542
Vardas0898 Pavarde0898 3.99462 6.61531 4.0785 2.32006 4.82912 9.97864
Vardas0899 Pavarde0899 5.55554 5.2655 8.95433 4.32765 3.94664 7.75622
Vardas0900 Pavarde0900 2.84007 7.51518 5.85655 7.24844 3.44579 9.40257
Vardas0901 Pavarde0901 5.02999 6.37164 7.71438 2.61808 3.92833 7.51651
Vardas0902 Pavarde0902 5.72196 6.17947 5.35837 1.98535 7.11782 2.08029
Vardas0903 Pavarde0903 5.66294 4.73691 2.7908 4.17058 5.84563 1.64247
Vardas0904 Pavarde0904 0.0957034 6.98647 2.40084 9.32005 5.07962 7.44959
Vardas0905 Pavarde0905 4.0381 4.52633 9.85097 7.08339 9.19285 2.68744
Vardas0906 Pavarde0906 9.80749 1.81953 9.68851 5.17653 8.10357 0.165095
Vardas0907 Pavarde0907 7.41077 1.83776 2.64295 0.124604 4.7891 0.0990433
Vardas0908 Pavarde0908 3.05994 3.01443 5.3703 4.19436 2.02886 7.53133
Vardas0909 Pavarde0909 7.17407 1.09184 4.61092 4.45747 4.12595 4.25388
Vardas0910 Pavarde0910 3.68904 9.85507 6.70935 8.42876 6.1739 0.856873
Vardas0911 Pavarde0911 8.02479 2.26106 0.611053 0.79969 0.977385 4.40551
Vardas0912 Pavarde0912 7.28815 1.36213 8.20374 7.78911 9.891 5.92591
Vardas0913 Pavarde0913 0.959258 0.745235 2.21426 7.64362 5.70354 2.05822
Vardas0914 Pavarde0914 3.61916 5.43328 1.20917 6.87768 3.96655 6.78471
Vardas0915 Pavarde0915 7.61684 4.78043 3.34924 8.31665 3.12712 8.65803
Vardas0916 Pavarde0916 3.90529 5.26975 1.28337 5.27959 9.32287 8.24954
Vardas0917 Pavarde0917 7.00874 9.52241 5.60083 4.81574 1.99207 7.97432
Vardas0918 Pavarde0918 5.39472 5.40287 0.987966 7.35171 7.62396 3.30308
Vardas0919 Pavarde0919 9.88612 3.30462 1.98303 9.903 6.19499 7.99414
Vardas0920 Pavarde0920 4.91663 6.2288 1.20679 7.96096 0.595331 1.30078
Vardas0921 Pavarde0921 3.12725 8.13181 7.34161 4.97473 6.31342 9.83376
Vardas0922 Pavarde0922 4.24729 4.90179 9.28968 7.84177 7.04359 3.7702
Vardas0923 Pavarde0923 9.02592 2.90356 6.11021 8.10608 8.29664 7.13324
Vardas0924 Pavarde0924 4.49853 6.50084 6.94356 3.58655 0.587022 6.29443
Vardas0925 Pavarde0925 3.5888 2.81986 5.38027 1.23631 4.8057 3.69947
Vardas0926 Pavarde0926 9.9617 7.72099 0.261507 4.75751 5.67712 7.89327
Vardas0927 Pavarde0927 4.28888 9.62856 4.1825 4.80362 4.07475 3.42452
Vardas0928 Pavarde0928 2.07585 3.34231 6.55775 1.27943 7.57967 0.779948
Vardas0929 Pavarde0929 8.7668 6.02042 6.10728 5.15292 7.38939 8.15265
Vardas0930 Pavarde0930 3.11902 5.87921 1.90433 1.95337 2.39191 9.35916
Vardas0931 Pavarde0931 1.73453 9.12696 0.984964 1.25542 1.77397 3.86196
Vardas0932 Pavarde0932 6.47833 8.77117 8.08215 9.76224 7.6568 3.97814
Vardas0933 Pavarde0933 8.00682 1.83686 0.917895 3.60731 4.33605 8.23758
Vardas0934 Pavarde0934 1.63115 3.13906 2.8926 3.35437 5.1764 1.28068
Vardas0935 Pavarde0935 4.14982 3.11016 3.73828 7.98954 6.07496 5.39241
Vardas0936 Pavarde0936 2.52812 2.02242 7.97702 8.47777 9.51454 4.61094
Vardas0937 Pavarde0937 7.59491 6.20782 1.25264 4.1201 3.74629 3.3276
Vardas0938 Pavarde0938 4.03541 3.96258 6.99882 8.46944 2.00941 8.41184
Vardas0939 Pavarde0939 0.406276 3.30259 0.0260782 2.39878 0.577545 0.131355
Vardas0940 Pavarde0940 2.19597 2.87052 3.49342 1.36026 6.84506 2.9015
Vardas0941 Pavarde0941 4.04526 4.04187 0.469844 9.07653 8.44199 7.78605
Vardas0942 Pavarde0942 8.73958 8.09552 8.51522 6.09073 3.13506 9.83833
Vardas0943 Pavarde0943 7.53666 4.51608 3.25192 5.18293 5.31724 6.57843
Vardas0944 Pavarde0944 9.22108 5.72865 5.83899 9.73056 5.33718 7.0406
Vardas0945 Pavarde0945 7.28584 8.78539 5.38806 7.14532 6.28572 1.10953
Vardas0946 Pavarde0946 7.55105 1.55143 1.21542 3.93187 6.70513 4.53529
Vardas0947 Pavarde0947 7.62676 5.45249 9.86064 3.21964 9.43112 6.6637
Vardas0948 Pavarde0948 5.31065 7.10331 5.61748 2.99037 4.00558 8.78513
Vardas0949 Pavarde0949 8.02903 2.85484 0.338429 6.39708 5.01861 4.03844
Vardas0950 Pavarde0950 5.69383 9.10648 9.97559 6.75661 7.88456 2.20759
Vardas0951 Pavarde0951 9.64936 7.29004 3.34451 1.15605 5.36662 7.67232
Vardas0952 Pavarde0952 4.95919 9.13504 0.783864 6.52828 5.71754 3.51965
Vardas0953 Pavarde0953 7.05538 7.69978 2.46428 2.76547 7.35723 1.97714
Vardas0954 Pavarde0954 6.6926 5.39072 0.695158 9.49307 2.70787 1.89459
Vardas0955 Pavarde0955 7.49315 3.91111 1.57173 7.7963 3.17206 3.45068
Vardas0956 Pavarde0956 0.589258 6.45495 6.62279 3.35596 7.03755 3.40379
Vardas0957 Pavarde0957 7.44998 4.84107 1.62967 0.852842 4.99766 4.89448
Vardas0958 Pavarde0958 1.23019 0.235358 3.21777 6.13087 2.21713 7.9925
Vardas0959 Pavarde0959 0.918872 5.97951 9.7842 2.14235 4.52365 2.16527
Vardas0960 Pavarde0960 1.13843 9.01484 1.98084 2.62747 3.41768 4.12212
Vardas0961 Pavarde0961 6.69397 8.45832 3.07142 2.52246 6.38697 8.60511
Vardas0962 Pavarde0962 3.97282 9.00252 8.54431 0.618511 1.61672 0.98621
Vardas0963 Pavarde0963 3.54017 8.20439 3.16399 0.253751 5.53047 0.335529
Vardas0964 Pavarde0964 9.87107 6.36756 5.05321 8.56085 1.94971 2.96987
Vardas0965 Pavarde0965 9.20784 7.97415 8.72851 0.0148876 4.7025 6.0099
Vardas0966 Pavarde0966 4.432 4.7308 0.738523 9.7069 4.25946 4.19046
Vardas0967 Pavarde0967 5.2434 2.55555 7.50834 4.46716 9.81931 9.25756
Vardas0968 Pavarde0968 6.89917 6.38265 8.79733 2.4451 3.6917 8.68262
Vardas0969 Pavarde0969 3.6899 6.5028 0.77306 7.27306 9.86511 7.89733
Vardas0970 Pavarde0970 3.63697 9.56927 9.20048 1.94043 1.20463 3.32039
Vardas0971 Pavarde0971 3.87394 0.204556 1.95396 4.59174 7.40338 0.920647
Vardas0972 Pavarde0972 7.70395 3.38025 6.47324 3.0955 4.30278 0.686612
Vardas0973 Pavarde0973 5.89929 3.49557 6.93962 3.19925 6.83187 9.50262
Vardas0974 Pavarde0974 1.47957 1.28806 5.62806 0.123238 8.20369 5.50727
Vardas0975 Pavarde0975 8.389 3.9206 2.18364 3.35678 7.05715 1.79807
Vardas0976 Pavarde0976 2.02995 9.95455 0.967748 8.02366 6.11166 7.95769
Vardas0977 Pavarde0977 2.33539 0.738496 6.32839 9.17826 6.19456 0.433744
Vardas0978 Pavarde0978 1.39098 4.06477 5.38974 0.600201 5.51697 6.85299
Vardas0979 Pavarde0979 5.14364 9.98456 9.19273 7.0239 3.44794 6.5628
Vardas0980 Pavarde0980 7.49501 3.1829 5.92525 1.23907 1.05122 3.84254
Vardas0981 Pavarde0981 6.69061 8.76534 1.76501 6.22859 8.84112 6.79023
Vardas0982 Pavarde0982 6.66777 5.33757 8.9401 4.8128 2.29442 7.96806
Vardas0983 Pavarde0983 2.52681 4.04673 8.7414 2.57393 3.71874 2.82339
Vardas0984 Pavarde0984 8.06563 4.68688 2.17852 2.75262 3.11422 5.94305
Vardas0985 Pavarde0985 7.71574 0.119052 5.58102 1.9821 4.71062 7.23355
Vardas0986 Pavarde0986 4.9611 2.33045 1.28788 8.39978 3.89003 4.30002
Vardas0987 Pavarde0987 2.66068 9.23732 1.6983 9.78788 9.94537 3.41114
Vardas0988 Pavarde0988 1.38359 9.63816 3.3559 1.44229 5.594 1.87337
Vardas0989 Pavarde0989 7.31861 3.8571 6.34432 5.65541 7.57973 4.80662
Vardas0990 Pavarde0990 0.879502 9.77499 2.92754 8.74799 6.39525 4.92236
Vardas0991 Pavarde0991 4.05006 3.15609 4.90988 2.72691 7.82218 5.61795
Vardas0992 Pavarde0992 8.58655 9.48315 5.64659 5.62693 1.45269 9.50453
Vardas0993 Pavarde0993 6.27812 1.55223 7.9785 2.7216 9.9072 8.90449
Vardas0994 Pavarde0994 3.78016 6.07267 9.83768 5.93802 6.8189 6.37551
Vardas0995 Pavarde0995 9.22124 2.79797 9.04215 5.20613 8.24828 6.79684
Vardas0996 Pavarde0996 0.415222 5.38037 7.56826 9.07189 8.97511 4.44291
Vardas0997 Pavarde0997 6.68925 5.64296 9.68477 6.73101 4.73495 8.26458
Vardas0998 Pavarde0998 9.17312 9.39564 1.6474 7.77859 9.26267 0.283005
Vardas0999 Pavarde0999 9.03698 5.3804 2.67815 6.58405 8.56482 8.63343
Vardas1000 Pavarde1000 8.83546 7.5579 6.3492 0.294185 3.57431 9.83077
